0 0.164948453125 0.8539518906250001 0.7680412375000001 0.855670103125 0.8316151203125 0.845360825 0.8402061859375 0.82646048125 0.845360825 0.76975945 0.8402061859375 0.7560137453125 0.82817869375 0.7560137453125 0.8178694156249999 0.7371134015624999 0.819587628125 0.644329896875 0.82646048125 0.6340206187499999 0.8436426109375 0.63230240625 0.835051546875 0.6099656359375001 0.8487972515625 0.5996563578125 0.8539518906250001 0.3591065296875 0.8522336765625 0.3041237109375 0.8419243984375001 0.298969071875 0.8522336765625 0.29037800625 0.8505154640624999 0.2542955328125 0.8316151203125 0.24226804062500001 0.642611684375 0.23367697656250003 0.40378006875 0.23539518906249998 0.183848796875 0.2268041234375 0.13402061875 0.2319587625 0.12542955312499998 0.2542955328125 0.13402061875 0.2714776625 0.14604810937499998 0.276632303125 0.14604810937499998 0.28694158125 0.12027491406249999 0.3298969078125 0.1099656359375 0.8075601375 0.1099656359375 0.836769759375 0.1185567015625 0.8487972515625 0.164948453125 0.8539518906250001
1 0.6512027484375 0.372852234375 0.6580756015625 0.3883161515625 0.6804123718749999 0.40549828125 0.7113402062499999 0.3986254296875 0.7319587624999999 0.36597938124999996 0.723367696875 0.3316151203125 0.702749140625 0.3127147765625 0.67182130625 0.3127147765625 0.6529209625 0.3333333328125 0.6512027484375 0.372852234375
1 0.73024055 0.6683848796875 0.7061855671874999 0.683848796875 0.6924398625 0.7113402062499999 0.6958762890625 0.73024055 0.719931271875 0.742268040625 0.7542955328125001 0.742268040625 0.76975945 0.7353951890625 0.780068728125 0.721649484375 0.7835051546875 0.701030928125 0.7731958765625 0.6786941578125 0.761168384375 0.6701030921875 0.73024055 0.6683848796875
1 0.44158075625000004 0.5910652921875 0.450171821875 0.5738831609374999 0.44501718281249997 0.55670103125 0.4175257734375 0.5532646046874999 0.40378006875 0.5738831609374999 0.40721649531250004 0.5876288656249999 0.4192439859375 0.5962199312500001 0.44158075625000004 0.5910652921875
1 0.567010309375 0.6855670109374999 0.5841924406250001 0.6890034359375 0.6013745703125 0.6769759453125 0.6030927828125 0.6580756015625 0.5910652921875 0.6477663234375 0.575601375 0.646048109375 0.55841924375 0.654639175 0.55670103125 0.67182130625 0.567010309375 0.6855670109374999
1 0.3522336765625 0.8075601375 0.3625429546875 0.7920962203124999 0.353951890625 0.7714776624999999 0.3109965640625 0.7714776624999999 0.298969071875 0.7852233671875 0.3006872859375 0.8006872859374999 0.3109965640625 0.8092783499999999 0.3522336765625 0.8075601375
1 0.1580756015625 0.4742268046875 0.163230240625 0.4982817875 0.1855670109375 0.508591065625 0.20790377968749998 0.508591065625 0.23539518906249998 0.4948453609375 0.2268041234375 0.469072165625 0.202749140625 0.45532646093749995 0.17182130625 0.453608246875 0.163230240625 0.4604811 0.1580756015625 0.4742268046875
1 0.2457044671875 0.2628865984375 0.2285223375 0.257731959375 0.221649484375 0.2714776625 0.24054982812499998 0.27491408906250003 0.2457044671875 0.2628865984375
1 0.21477663281249998 0.38659793750000004 0.24398625468750001 0.3917525765625 0.259450171875 0.38144329843749997 0.261168384375 0.36597938124999996 0.24226804062500001 0.3505154640625 0.23024055 0.3487972515625 0.21134020625 0.3591065296875 0.20790377968749998 0.374570446875 0.21477663281249998 0.38659793750000004
1 0.2542955328125 0.6099656359375001 0.2731958765625 0.615120275 0.29381443281249997 0.6048109968750001 0.297250859375 0.5824742265625 0.2835051546875 0.5721649484375 0.259450171875 0.5721649484375 0.2474226796875 0.5824742265625 0.2457044671875 0.5962199312500001 0.2542955328125 0.6099656359375001
1 0.13402061875 0.798969071875 0.1529209625 0.805841925 0.180412371875 0.7920962203124999 0.183848796875 0.7714776624999999 0.1701030921875 0.757731959375 0.144329896875 0.7542955328125001 0.12714776562500002 0.7646048109375 0.12542955312499998 0.78694158125 0.13402061875 0.798969071875
1 0.5481099656249999 0.7835051546875 0.52061855625 0.7817869421875 0.5051546390625 0.7886597937500001 0.5017182124999999 0.8075601375 0.5549828171875 0.8092783499999999 0.5601374578125 0.7938144328125001 0.5481099656249999 0.7835051546875
1 0.7731958765625 0.8006872859374999 0.7474226796875 0.8041237109375 0.7457044671874999 0.819587628125 0.761168384375 0.82817869375 0.780068728125 0.8230240546875001 0.7817869421875 0.8109965640624999 0.7731958765625 0.8006872859374999
1 0.3522336765625 0.646048109375 0.357388315625 0.627147765625 0.3505154640625 0.6202749140625 0.32474226875 0.6202749140625 0.31786941562500004 0.6288659796875 0.31958762812499997 0.6408934703125 0.3333333328125 0.6494845359375 0.3522336765625 0.646048109375
1 0.41065292031249995 0.278350515625 0.3900343640625 0.278350515625 0.38659793750000004 0.297250859375 0.3986254296875 0.3041237109375 0.412371134375 0.3006872859375 0.4175257734375 0.28694158125 0.41065292031249995 0.278350515625
1 0.48109965624999995 0.41580755937499997 0.463917525 0.41580755937499997 0.4604811 0.43127147812500005 0.48109965624999995 0.43298969062500003 0.48109965624999995 0.41580755937499997
1 0.530927834375 0.3625429546875 0.5154639171875 0.3625429546875 0.5137457046875 0.374570446875 0.530927834375 0.376288659375 0.530927834375 0.3625429546875
1 0.606529209375 0.5051546390625 0.5927835046875 0.5017182124999999 0.5876288656249999 0.5120274921875 0.59793814375 0.51718213125 0.606529209375 0.5051546390625
1 0.8127147765625 0.298969071875 0.797250859375 0.2955326453125 0.7938144328125001 0.3075601375 0.805841925 0.3127147765625 0.8127147765625 0.298969071875
1 0.8230240546875001 0.3298969078125 0.8092783499999999 0.32646048125 0.8075601375 0.335051546875 0.819587628125 0.338487971875 0.8230240546875001 0.3298969078125