0 0.8842281875 0.8758389265625001 0.885906040625 0.28691275156249996 0.8758389265625001 0.2248322140625 0.85738255 0.216442953125 0.8020134234375 0.21140939531249997 0.7885906046875 0.216442953125 0.7885906046875 0.22818791875 0.770134228125 0.2382550328125 0.6795302015625 0.23657718125 0.6694630874999999 0.22986577187499999 0.6677852343749999 0.21308724843750002 0.6459731546875 0.22147650937500002 0.635906040625 0.20805369062499998 0.4010067109375 0.203020134375 0.3473154359375 0.2046979859375 0.3422818796875 0.21476510000000001 0.33389261718749996 0.2046979859375 0.29865771875 0.20637583906249998 0.28691275156249996 0.2248322140625 0.278523490625 0.4093959734375 0.2802013421875 0.64261745 0.27181208125 0.85738255 0.2768456375 0.90604026875 0.29865771875 0.9144295296875 0.3154362421875 0.90604026875 0.3204697984375 0.8942953015624999 0.3305369125 0.8942953015624999 0.372483221875 0.9194630874999999 0.8389261749999999 0.9295302015625 0.8674496640625 0.9295302015625 0.8791946312500001 0.9211409390625 0.8842281875 0.8758389265625001
1 0.41442952968749996 0.4010067109375 0.42953020156250005 0.39429530156250003 0.446308725 0.372483221875 0.43959731562500004 0.3422818796875 0.4077181203125 0.3221476515625 0.3741610734375 0.3305369125 0.35570469843749997 0.350671140625 0.35570469843749997 0.38087248281249997 0.3758389265625 0.399328859375 0.41442952968749996 0.4010067109375
1 0.703020134375 0.323825503125 0.7181208046875 0.3473154359375 0.7449664421875 0.3607382546875 0.76342281875 0.35738254999999997 0.7751677859375 0.33389261718749996 0.7751677859375 0.3003355703125 0.7684563765625 0.28523489999999996 0.7550335578125 0.2751677859375 0.734899328125 0.27181208125 0.7130872484374999 0.2818791953125 0.7046979859375 0.2936241609375 0.703020134375 0.323825503125
1 0.6275167781250001 0.6057046984375 0.6107382546875 0.5973154359375 0.59395973125 0.60234899375 0.5906040265625 0.6291946312500001 0.6107382546875 0.64261745 0.6241610734374999 0.6392617453125 0.6325503359375 0.6275167781250001 0.6275167781250001 0.6057046984375
1 0.7197986578125 0.48322147656250003 0.7231543625 0.46644295312499995 0.7114093953125 0.4496644296875 0.6929530203125001 0.4479865765625 0.68288590625 0.45973154374999997 0.681208053125 0.4748322140625 0.689597315625 0.4916107375 0.7063758390625 0.493288590625 0.7197986578125 0.48322147656250003
1 0.8389261749999999 0.6929530203125001 0.823825503125 0.68288590625 0.803691275 0.6912751671875 0.803691275 0.7332214765625 0.8171140937500001 0.7449664421875 0.832214765625 0.743288590625 0.8406040265625 0.7332214765625 0.8389261749999999 0.6929530203125001
1 0.51342281875 0.8825503359375 0.5369127515625001 0.877516778125 0.546979865625 0.8557046984375001 0.546979865625 0.8338926171875001 0.533557046875 0.8070469796875 0.5083892624999999 0.8154362421875 0.4949664421875 0.8389261749999999 0.493288590625 0.8691275171875 0.5 0.877516778125 0.51342281875 0.8825503359375
1 0.3070469796875 0.796979865625 0.3020134234375 0.8137583890625001 0.3154362421875 0.8204697984375 0.318791946875 0.8020134234375 0.3070469796875 0.796979865625
1 0.42785234843750003 0.8271812078125 0.43288590625 0.79865771875 0.42281879218749996 0.783557046875 0.4077181203125 0.7818791953125 0.39261745000000003 0.8003355703125001 0.390939596875 0.8120805375 0.4010067109375 0.8305369125000001 0.4161073828125 0.8338926171875001 0.42785234843750003 0.8271812078125
1 0.6459731546875 0.7885906046875 0.6510067109375 0.770134228125 0.640939596875 0.75 0.6191275171874999 0.7466442953125 0.609060403125 0.7600671140624999 0.609060403125 0.783557046875 0.6191275171874999 0.7953020140625 0.6325503359375 0.796979865625 0.6459731546875 0.7885906046875
1 0.8305369125000001 0.90604026875 0.837248321875 0.8875838921874999 0.823825503125 0.8607382546875 0.803691275 0.85738255 0.79026845625 0.8708053687499999 0.7869127515625001 0.8959731546875 0.796979865625 0.912751678125 0.818791946875 0.9144295296875 0.8305369125000001 0.90604026875
1 0.8154362421875 0.501677853125 0.8137583890625001 0.528523490625 0.8204697984375 0.5436241609375 0.8389261749999999 0.546979865625 0.8406040265625 0.4949664421875 0.8255033562499999 0.4899328859375 0.8154362421875 0.501677853125
1 0.832214765625 0.2818791953125 0.8355704703125 0.3070469796875 0.850671140625 0.30872483281249996 0.8590604031250001 0.2936241609375 0.8540268453125 0.2751677859375 0.8422818796874999 0.2734899328125 0.832214765625 0.2818791953125
1 0.681208053125 0.6929530203125001 0.662751678125 0.6879194625 0.65604026875 0.694630871875 0.65604026875 0.7197986578125 0.6644295296875 0.7265100671875 0.6761744968750001 0.7248322140625 0.6845637578125 0.7114093953125 0.681208053125 0.6929530203125001
1 0.3221476515625 0.635906040625 0.3221476515625 0.65604026875 0.3406040265625 0.6593959734375 0.3473154359375 0.64765100625 0.34395973125 0.6342281875 0.3305369125 0.6291946312500001 0.3221476515625 0.635906040625
1 0.4563758390625 0.56711409375 0.4563758390625 0.5838926171875001 0.47147650937499996 0.587248321875 0.4731543625 0.56711409375 0.4563758390625 0.56711409375
1 0.40436241562499997 0.5184563765625 0.40436241562499997 0.533557046875 0.4161073828125 0.5352349000000001 0.417785234375 0.5184563765625 0.40436241562499997 0.5184563765625
1 0.5436241609375 0.444630871875 0.54026845625 0.458053690625 0.5503355703125 0.4630872484375 0.555369128125 0.453020134375 0.5436241609375 0.444630871875
1 0.3422818796875 0.24328859062500002 0.338926175 0.2583892625 0.350671140625 0.2617449671875 0.35570469843749997 0.25 0.3422818796875 0.24328859062500002
1 0.372483221875 0.23322147656249997 0.36912751718750003 0.2466442953125 0.377516778125 0.248322146875 0.38087248281249997 0.23657718125 0.372483221875 0.23322147656249997