0 0 0 0 1 1 1 1 0 0 0
1 0.3420138890625 0.24479166718749998 0.28819444375000003 0.246527778125 0.2673611109375 0.2604166671875 0.237847221875 0.30381944375000003 0.22048611093749998 0.3576388890625 0.22048611093749998 0.4166666671875 0.23611111093749998 0.46180555625 0.26215277812500004 0.49305555625 0.2916666671875 0.5086805562500001 0.3263888890625 0.5069444437499999 0.375 0.48784722187499996 0.4114583328125 0.4583333328125 0.4427083328125 0.40277777812500004 0.4392361109375 0.3454861109375 0.41493055625 0.2986111109375 0.3802083328125 0.26215277812500004 0.3420138890625 0.24479166718749998
1 0.8194444437499999 0.21875 0.7916666671875 0.21875 0.7569444437499999 0.234375 0.7326388890625 0.2604166671875 0.7204861109375 0.29340277812500004 0.7204861109375 0.328125 0.734375 0.3611111109375 0.765625 0.3888888890625 0.7916666671875 0.39930555624999997 0.824652778125 0.39930555624999997 0.8611111109375 0.3802083328125 0.8767361109375 0.36284722187499996 0.8888888890625 0.3298611109375 0.8888888890625 0.29340277812500004 0.8802083328125001 0.265625 0.8576388890625 0.237847221875 0.8194444437499999 0.21875
1 0.621527778125 0.3697916671875 0.5920138890625 0.3958333328125 0.581597221875 0.4236111109375 0.5763888890625 0.46180555625 0.5833333328125 0.49305555625 0.5989583328125 0.5208333328125 0.6163194437499999 0.5364583328125 0.6614583328125 0.5399305562500001 0.703125 0.5104166671875 0.71875 0.46875 0.7170138890625 0.43402777812500004 0.706597221875 0.4079861109375 0.6857638890625 0.38368055624999997 0.652777778125 0.36805555624999997 0.621527778125 0.3697916671875
1 0.519097221875 0.328125 0.5416666671875 0.31597222187499996 0.5486111109375 0.2986111109375 0.5486111109375 0.2673611109375 0.5399305562500001 0.25 0.5052083328125 0.237847221875 0.47743055625 0.2638888890625 0.47569444375 0.3020833328125 0.48784722187499996 0.31944444375000003 0.519097221875 0.328125
1 0.5642361109375 0.237847221875 0.5607638890625 0.25347222187499996 0.559027778125 0.27256944375000003 0.5694444437499999 0.30034722187499996 0.590277778125 0.31944444375000003 0.605902778125 0.3263888890625 0.6232638890625 0.32465277812500004 0.6493055562500001 0.30381944375000003 0.65625 0.28472222187499996 0.6510416671875 0.24131944375 0.628472221875 0.22048611093749998 0.597222221875 0.21701388906250002 0.5798611109375 0.222222221875 0.5642361109375 0.237847221875
1 0.4270833328125 0.49131944375 0.42881944375 0.534722221875 0.4635416671875 0.5729166671875 0.5069444437499999 0.5729166671875 0.5364583328125 0.5451388890625 0.543402778125 0.5260416671875 0.543402778125 0.49305555625 0.527777778125 0.4670138890625 0.5052083328125 0.44965277812500004 0.4791666671875 0.44444444375 0.4548611109375 0.4513888890625 0.4322916671875 0.4739583328125 0.4270833328125 0.49131944375
1 0.2673611109375 0.734375 0.24479166718749998 0.7604166671875 0.234375 0.7881944437499999 0.234375 0.8333333328125001 0.24305555625 0.8541666671874999 0.2795138890625 0.890625 0.3385416671875 0.894097221875 0.359375 0.8819444437499999 0.38368055624999997 0.8420138890625 0.38715277812500004 0.7986111109375 0.37847222187499996 0.7708333328125 0.3489583328125 0.7361111109375 0.3333333328125 0.7291666671875 0.2951388890625 0.7256944437499999 0.2673611109375 0.734375
1 0.8177083328125001 0.5364583328125 0.75 0.53125 0.7170138890625 0.5486111109375 0.6927083328125 0.597222221875 0.6892361109375 0.6336805562500001 0.703125 0.6788194437499999 0.75 0.746527778125 0.7864583328125 0.7725694437499999 0.8194444437499999 0.7829861109375 0.840277778125 0.78125 0.8697916671874999 0.7638888890625 0.8958333328125001 0.7204861109375 0.902777778125 0.6614583328125 0.8923611109375 0.6111111109375 0.8576388890625 0.5625 0.8177083328125001 0.5364583328125
1 0.4635416671875 0.715277778125 0.453125 0.7395833328125 0.453125 0.7881944437499999 0.46527777812500004 0.8107638890625 0.4861111109375 0.824652778125 0.5208333328125 0.831597221875 0.543402778125 0.8211805562500001 0.5625 0.8020833328125001 0.5711805562500001 0.753472221875 0.5572916671875 0.7204861109375 0.5399305562500001 0.7013888890625 0.5208333328125 0.6944444437499999 0.48090277812500004 0.699652778125 0.4635416671875 0.715277778125
1 0.590277778125 0.840277778125 0.6076388890625 0.859375 0.6319444437499999 0.871527778125 0.659722221875 0.8663194437499999 0.6788194437499999 0.8506944437499999 0.690972221875 0.824652778125 0.684027778125 0.7829861109375 0.652777778125 0.7569444437499999 0.6163194437499999 0.7569444437499999 0.59375 0.7760416671875 0.5868055562500001 0.7951388890625 0.590277778125 0.840277778125
1 0.44097222187499996 0.7013888890625 0.4375 0.668402778125 0.41319444375 0.6475694437499999 0.3888888890625 0.6510416671875 0.375 0.6701388890625 0.37152777812500004 0.6979166671875 0.3923611109375 0.7239583328125 0.4201388890625 0.7239583328125 0.44097222187499996 0.7013888890625
1 0.3333333328125 0.6631944437499999 0.33680555624999997 0.6319444437499999 0.3229166671875 0.6111111109375 0.2951388890625 0.6111111109375 0.2795138890625 0.6319444437499999 0.27777777812500004 0.6510416671875 0.28472222187499996 0.6666666671875 0.32118055624999997 0.675347221875 0.3333333328125 0.6631944437499999
1 0.44444444375 0.605902778125 0.4479166671875 0.5798611109375 0.42881944375 0.5538194437499999 0.40972222187499996 0.5520833328125 0.390625 0.5677083328125 0.390625 0.6006944437499999 0.40625 0.6180555562500001 0.4270833328125 0.6197916671875 0.44444444375 0.605902778125
1 0.46006944375 0.659722221875 0.4826388890625 0.6579861109375 0.49305555625 0.6423611109375 0.4895833328125 0.6163194437499999 0.4791666671875 0.605902778125 0.4670138890625 0.605902778125 0.4479166671875 0.6197916671875 0.44444444375 0.6423611109375 0.4513888890625 0.652777778125 0.46006944375 0.659722221875
1 0.8576388890625 0.8993055562500001 0.8854166671874999 0.8802083328125001 0.890625 0.855902778125 0.8836805562500001 0.8350694437499999 0.8663194437499999 0.815972221875 0.8298611109375 0.8142361109375 0.809027778125 0.8420138890625 0.8142361109375 0.8802083328125001 0.831597221875 0.8958333328125001 0.8576388890625 0.8993055562500001
1 0.4947916671875 0.934027778125 0.49131944375 0.9461805562500001 0.5017361109375 0.9583333328125001 0.512152778125 0.9600694437499999 0.5208333328125 0.953125 0.5138888890625 0.9305555562500001 0.4947916671875 0.934027778125
1 0.578125 0.9479166671874999 0.5920138890625 0.918402778125 0.5868055562500001 0.8975694437499999 0.559027778125 0.8819444437499999 0.53125 0.8958333328125001 0.53125 0.9236111109375 0.5399305562500001 0.9427083328125001 0.5607638890625 0.953125 0.578125 0.9479166671874999
1 0.4375 0.9513888890625 0.453125 0.9427083328125001 0.46006944375 0.9079861109375 0.4479166671875 0.8836805562500001 0.4375 0.8767361109375 0.41840277812500004 0.878472221875 0.3958333328125 0.894097221875 0.390625 0.9288194437499999 0.4010416671875 0.9461805562500001 0.4375 0.9513888890625
1 0.18402777812499999 0.9392361109375 0.18923611093749998 0.9114583328125001 0.18055555625 0.90625 0.16840277812499999 0.9114583328125001 0.1666666671875 0.9357638890625 0.18402777812499999 0.9392361109375
1 0.28125 0.934027778125 0.28472222187499996 0.909722221875 0.27256944375000003 0.8923611109375 0.246527778125 0.8888888890625 0.234375 0.9045138890625 0.23263888906250002 0.925347221875 0.24305555625 0.940972221875 0.2638888890625 0.9461805562500001 0.28125 0.934027778125
1 0.206597221875 0.65625 0.22743055625 0.6510416671875 0.24131944375 0.6319444437499999 0.23958333281250002 0.5989583328125 0.222222221875 0.581597221875 0.19444444375 0.5850694437499999 0.1770833328125 0.6076388890625 0.17534722187500001 0.628472221875 0.1822916671875 0.640625 0.206597221875 0.65625
1 0.230902778125 0.6649305562500001 0.203125 0.6631944437499999 0.18402777812499999 0.6770833328125 0.1875 0.7204861109375 0.20486111093749998 0.7326388890625 0.237847221875 0.722222221875 0.24479166718749998 0.6961805562500001 0.230902778125 0.6649305562500001
1 0.17534722187500001 0.5399305562500001 0.17534722187500001 0.574652778125 0.20486111093749998 0.5711805562500001 0.21006944375 0.550347221875 0.203125 0.5364583328125 0.18576388906250002 0.5329861109375 0.17534722187500001 0.5399305562500001
1 0.21354166718749998 0.31597222187499996 0.21701388906250002 0.2864583328125 0.21006944375 0.2708333328125 0.1875 0.2673611109375 0.171875 0.27777777812500004 0.17013888906250002 0.3020833328125 0.17881944375 0.31944444375000003 0.20138888906250002 0.3229166671875 0.21354166718749998 0.31597222187499996
1 0.4704861109375 0.24479166718749998 0.46527777812500004 0.21875 0.44444444375 0.20486111093749998 0.4236111109375 0.21006944375 0.4114583328125 0.22916666718749998 0.41493055625 0.25868055624999997 0.43402777812500004 0.27256944375000003 0.4583333328125 0.265625 0.4704861109375 0.24479166718749998
1 0.48784722187499996 0.14409722187500001 0.47222222187499996 0.14236111093749998 0.46006944375 0.15451388906250002 0.4583333328125 0.1770833328125 0.4739583328125 0.1927083328125 0.4982638890625 0.18055555625 0.5017361109375 0.15972222187500001 0.48784722187499996 0.14409722187500001
1 0.5642361109375 0.42534722187499996 0.5694444437499999 0.3958333328125 0.5520833328125 0.3732638890625 0.527777778125 0.37152777812500004 0.512152778125 0.3888888890625 0.5086805562500001 0.40625 0.519097221875 0.43055555625 0.543402778125 0.4392361109375 0.5642361109375 0.42534722187499996
1 0.590277778125 0.35069444375000003 0.590277778125 0.3298611109375 0.5729166671875 0.3125 0.5572916671875 0.3142361109375 0.5416666671875 0.3298611109375 0.5416666671875 0.35243055624999997 0.5486111109375 0.36284722187499996 0.574652778125 0.36631944375000003 0.590277778125 0.35069444375000003
1 0.8263888890625 0.48090277812500004 0.8263888890625 0.44618055625 0.8038194437499999 0.4201388890625 0.777777778125 0.4166666671875 0.7517361109375 0.44618055625 0.753472221875 0.484375 0.7743055562500001 0.5052083328125 0.8020833328125001 0.5052083328125 0.8263888890625 0.48090277812500004
1 0.421875 0.7864583328125 0.4270833328125 0.7760416671875 0.4236111109375 0.7517361109375 0.40972222187499996 0.7430555562500001 0.3923611109375 0.75 0.38715277812500004 0.7604166671875 0.3923611109375 0.7829861109375 0.40625 0.7899305562500001 0.421875 0.7864583328125
1 0.597222221875 0.7118055562500001 0.6006944437499999 0.6892361109375 0.5920138890625 0.6822916671875 0.5798611109375 0.684027778125 0.5798611109375 0.7100694437499999 0.597222221875 0.7118055562500001
1 0.47743055625 0.840277778125 0.46527777812500004 0.8350694437499999 0.4479166671875 0.847222221875 0.4479166671875 0.8767361109375 0.46527777812500004 0.8854166671874999 0.4826388890625 0.8767361109375 0.4861111109375 0.8541666671874999 0.47743055625 0.840277778125
1 0.5138888890625 0.8958333328125001 0.5069444437499999 0.8854166671874999 0.484375 0.8854166671874999 0.47743055625 0.8958333328125001 0.4791666671875 0.9166666671874999 0.49305555625 0.925347221875 0.5052083328125 0.921875 0.5138888890625 0.8958333328125001
1 0.6579861109375 0.8888888890625 0.6388888890625 0.8802083328125001 0.621527778125 0.8836805562500001 0.6163194437499999 0.918402778125 0.6302083328125 0.9305555562500001 0.6510416671875 0.9270833328125001 0.6614583328125 0.9131944437499999 0.6579861109375 0.8888888890625
1 0.7430555562500001 0.800347221875 0.7239583328125 0.7881944437499999 0.7013888890625 0.800347221875 0.699652778125 0.828125 0.7083333328125 0.840277778125 0.7395833328125 0.840277778125 0.75 0.8142361109375 0.7430555562500001 0.800347221875
1 0.8975694437499999 0.4548611109375 0.8819444437499999 0.4479166671875 0.871527778125 0.45659722187499996 0.871527778125 0.48090277812500004 0.8836805562500001 0.4895833328125 0.8975694437499999 0.4861111109375 0.902777778125 0.47222222187499996 0.8975694437499999 0.4548611109375
1 0.7899305562500001 0.8489583328125001 0.7795138890625 0.84375 0.7638888890625 0.8506944437499999 0.7586805562500001 0.8611111109375 0.762152778125 0.8802083328125001 0.7864583328125 0.8854166671874999 0.796875 0.8680555562500001 0.7899305562500001 0.8489583328125001
1 0.9045138890625 0.878472221875 0.902777778125 0.90625 0.921875 0.9305555562500001 0.9288194437499999 0.9131944437499999 0.9305555562500001 0.862847221875 0.9131944437499999 0.8611111109375 0.9045138890625 0.878472221875
1 0.6788194437499999 0.21006944375 0.6822916671875 0.1822916671875 0.671875 0.16840277812499999 0.6510416671875 0.1666666671875 0.6336805562500001 0.17881944375 0.6319444437499999 0.20138888906250002 0.640625 0.21701388906250002 0.6631944437499999 0.222222221875 0.6788194437499999 0.21006944375
1 0.7118055562500001 0.14930555625 0.6961805562500001 0.1510416671875 0.6875 0.1614583328125 0.6892361109375 0.1927083328125 0.7100694437499999 0.1979166671875 0.7239583328125 0.1875 0.7256944437499999 0.16840277812499999 0.7118055562500001 0.14930555625
1 0.5173611109375 0.17361111093749998 0.5173611109375 0.19965277812499999 0.5260416671875 0.20833333281250002 0.543402778125 0.20833333281250002 0.5520833328125 0.18055555625 0.5364583328125 0.1666666671875 0.5173611109375 0.17361111093749998
1 0.5798611109375 0.1458333328125 0.5694444437499999 0.13715277812499999 0.5555555562500001 0.13888888906250002 0.5486111109375 0.16319444375 0.559027778125 0.17361111093749998 0.5694444437499999 0.17361111093749998 0.5798611109375 0.16493055625 0.5798611109375 0.1458333328125
1 0.4010416671875 0.19444444375 0.4010416671875 0.1666666671875 0.38715277812500004 0.15972222187500001 0.3732638890625 0.17361111093749998 0.37847222187499996 0.1979166671875 0.4010416671875 0.19444444375
1 0.41319444375 0.140625 0.4114583328125 0.1614583328125 0.4322916671875 0.1666666671875 0.4392361109375 0.15798611093749998 0.4375 0.140625 0.42881944375 0.13368055625 0.41319444375 0.140625
1 0.2673611109375 0.17534722187500001 0.26909722187499996 0.1510416671875 0.25694444375000003 0.14236111093749998 0.24479166718749998 0.14756944375 0.24479166718749998 0.171875 0.2673611109375 0.17534722187500001
1 0.7673611109375 0.206597221875 0.7673611109375 0.18923611093749998 0.75 0.17361111093749998 0.734375 0.18055555625 0.7274305562500001 0.1927083328125 0.7274305562500001 0.20486111093749998 0.7395833328125 0.22048611093749998 0.7552083328125 0.22048611093749998 0.7673611109375 0.206597221875
1 0.8194444437499999 0.1510416671875 0.809027778125 0.14409722187500001 0.7951388890625 0.14756944375 0.793402778125 0.1770833328125 0.8038194437499999 0.18576388906250002 0.815972221875 0.18402777812499999 0.8229166671874999 0.17534722187500001 0.8194444437499999 0.1510416671875
1 0.6857638890625 0.22916666718749998 0.6701388890625 0.22743055625 0.6631944437499999 0.234375 0.6666666671875 0.25868055624999997 0.6805555562500001 0.26215277812500004 0.6892361109375 0.25694444375000003 0.6927083328125 0.237847221875 0.6857638890625 0.22916666718749998
1 0.840277778125 0.41840277812500004 0.8420138890625 0.4392361109375 0.8645833328125001 0.44097222187499996 0.8697916671874999 0.43055555625 0.8645833328125001 0.4114583328125 0.8489583328125001 0.40972222187499996 0.840277778125 0.41840277812500004
1 0.21354166718749998 0.8923611109375 0.21875 0.8819444437499999 0.215277778125 0.8611111109375 0.1979166671875 0.8524305562500001 0.18402777812499999 0.8541666671874999 0.17534722187500001 0.862847221875 0.1770833328125 0.8888888890625 0.1927083328125 0.8993055562500001 0.21354166718749998 0.8923611109375
1 0.5173611109375 0.65625 0.5173611109375 0.6736111109375 0.5329861109375 0.675347221875 0.53125 0.6545138890625 0.5173611109375 0.65625