0 0 0 0 1 1 1 1 0 0 0
1 0.3422818796875 0.2802013421875 0.29026845625000003 0.2818791953125 0.270134228125 0.2953020140625 0.2416107375 0.337248321875 0.2248322140625 0.3892617453125 0.2248322140625 0.446308725 0.2399328859375 0.4899328859375 0.265100671875 0.520134228125 0.2936241609375 0.5352349000000001 0.3271812078125 0.533557046875 0.3741610734375 0.515100671875 0.4093959734375 0.48657718125000005 0.43959731562500004 0.43288590625 0.4362416109375 0.377516778125 0.41275167812499997 0.33221476562499996 0.37919463124999997 0.296979865625 0.3422818796875 0.2802013421875
1 0.803691275 0.2550335578125 0.7768456375 0.2550335578125 0.743288590625 0.270134228125 0.7197986578125 0.2953020140625 0.708053690625 0.3271812078125 0.708053690625 0.3607382546875 0.721476509375 0.39261745000000003 0.751677853125 0.41946308749999994 0.7768456375 0.42953020156250005 0.8087248328125 0.42953020156250005 0.84395973125 0.411073825 0.8590604031250001 0.39429530156250003 0.8708053687499999 0.3624161078125 0.8708053687499999 0.3271812078125 0.8624161078125001 0.3003355703125 0.8406040265625 0.2734899328125 0.803691275 0.2550335578125
1 0.6124161078125 0.4010067109375 0.5838926171875001 0.42617449687500003 0.5738255031249999 0.453020134375 0.568791946875 0.4899328859375 0.57550335625 0.520134228125 0.5906040265625 0.546979865625 0.60738255 0.5620805375 0.6510067109375 0.5654362421875 0.6912751671875 0.5369127515625001 0.7063758390625 0.4966442953125 0.7046979859375 0.4630872484375 0.694630871875 0.4379194625 0.67449664375 0.41442952968749996 0.64261745 0.399328859375 0.6124161078125 0.4010067109375
1 0.51342281875 0.3607382546875 0.5352349000000001 0.3489932890625 0.541946309375 0.33221476562499996 0.541946309375 0.3020134234375 0.533557046875 0.28523489999999996 0.5 0.2734899328125 0.4731543625 0.29865771875 0.47147650937499996 0.3355704703125 0.48322147656250003 0.35234899375 0.51342281875 0.3607382546875
1 0.5570469796874999 0.2734899328125 0.553691275 0.28859060468750003 0.5520134234375 0.3070469796875 0.5620805375 0.33389261718749996 0.5822147656250001 0.35234899375 0.5973154359375 0.359060403125 0.614093959375 0.35738254999999997 0.6392617453125 0.337248321875 0.6459731546875 0.318791946875 0.640939596875 0.2768456375 0.6191275171874999 0.256711409375 0.588926175 0.2533557046875 0.5721476515624999 0.2583892625 0.5570469796874999 0.2734899328125
1 0.42449664374999996 0.5184563765625 0.42617449687500003 0.560402684375 0.45973154374999997 0.5973154359375 0.501677853125 0.5973154359375 0.5302013421875 0.5704697984375 0.5369127515625001 0.5520134234375 0.5369127515625001 0.520134228125 0.52181208125 0.4949664421875 0.5 0.47818791875000005 0.4748322140625 0.4731543625 0.45134228125 0.479865771875 0.42953020156250005 0.501677853125 0.42449664374999996 0.5184563765625
1 0.270134228125 0.7533557046875 0.248322146875 0.778523490625 0.2382550328125 0.805369128125 0.2382550328125 0.8489932890624999 0.2466442953125 0.8691275171875 0.2818791953125 0.9043624156250001 0.338926175 0.9077181203125001 0.359060403125 0.8959731546875 0.3825503359375 0.85738255 0.385906040625 0.8154362421875 0.377516778125 0.7885906046875 0.3489932890625 0.7550335578125 0.33389261718749996 0.748322146875 0.296979865625 0.7449664421875 0.270134228125 0.7533557046875
1 0.8020134234375 0.5620805375 0.73657718125 0.5570469796874999 0.7046979859375 0.5738255031249999 0.681208053125 0.6208053687499999 0.6778523484375001 0.65604026875 0.6912751671875 0.6996644296875 0.73657718125 0.765100671875 0.77181208125 0.79026845625 0.803691275 0.8003355703125001 0.823825503125 0.79865771875 0.8523489937500001 0.7818791953125 0.877516778125 0.7399328859375001 0.8842281875 0.68288590625 0.8741610734374999 0.6342281875 0.8406040265625 0.587248321875 0.8020134234375 0.5620805375
1 0.45973154374999997 0.734899328125 0.4496644296875 0.7583892624999999 0.4496644296875 0.805369128125 0.46140939531249997 0.8271812078125 0.4815436234375 0.8406040265625 0.515100671875 0.8473154359375 0.5369127515625001 0.837248321875 0.555369128125 0.818791946875 0.5637583890625 0.77181208125 0.5503355703125 0.7399328859375001 0.533557046875 0.721476509375 0.515100671875 0.7147650999999999 0.47651006718750005 0.7197986578125 0.45973154374999997 0.734899328125
1 0.5822147656250001 0.8557046984375001 0.5989932890625 0.8741610734374999 0.6224832218749999 0.885906040625 0.649328859375 0.8808724828125 0.6677852343749999 0.8657718125 0.6795302015625 0.8406040265625 0.6728187921875 0.8003355703125001 0.64261745 0.7751677859375 0.60738255 0.7751677859375 0.5855704703125 0.7936241609375 0.5788590609375001 0.8120805375 0.5822147656250001 0.8557046984375001
1 0.4379194625 0.721476509375 0.4345637578125 0.689597315625 0.411073825 0.6694630874999999 0.3875838921875 0.6728187921875 0.3741610734375 0.6912751671875 0.37080536875000003 0.7181208046875 0.390939596875 0.743288590625 0.417785234375 0.743288590625 0.4379194625 0.721476509375
1 0.33389261718749996 0.6845637578125 0.337248321875 0.654362415625 0.323825503125 0.6342281875 0.296979865625 0.6342281875 0.2818791953125 0.654362415625 0.2802013421875 0.6728187921875 0.28691275156249996 0.6879194625 0.3221476515625 0.696308725 0.33389261718749996 0.6845637578125
1 0.44127516718750004 0.6291946312500001 0.444630871875 0.6040268453125 0.42617449687500003 0.5788590609375001 0.4077181203125 0.5771812078125 0.3892617453125 0.5922818796875 0.3892617453125 0.6241610734374999 0.40436241562499997 0.640939596875 0.42449664374999996 0.64261745 0.44127516718750004 0.6291946312500001
1 0.4563758390625 0.681208053125 0.47818791875000005 0.6795302015625 0.48825503281250004 0.6644295296875 0.48489932812500003 0.6392617453125 0.4748322140625 0.6291946312500001 0.4630872484375 0.6291946312500001 0.444630871875 0.64261745 0.44127516718750004 0.6644295296875 0.4479865765625 0.67449664375 0.4563758390625 0.681208053125
1 0.8406040265625 0.912751678125 0.8674496640625 0.8942953015624999 0.872483221875 0.8708053687499999 0.8657718125 0.850671140625 0.8489932890624999 0.832214765625 0.8137583890625001 0.8305369125000001 0.7936241609375 0.85738255 0.79865771875 0.8942953015624999 0.8154362421875 0.9093959734375 0.8406040265625 0.912751678125
1 0.4899328859375 0.946308725 0.48657718125000005 0.958053690625 0.4966442953125 0.9697986578125001 0.506711409375 0.971476509375 0.515100671875 0.9647650999999999 0.5083892624999999 0.9429530203125 0.4899328859375 0.946308725
1 0.5704697984375 0.95973154375 0.5838926171875001 0.931208053125 0.5788590609375001 0.9110738250000001 0.5520134234375 0.8959731546875 0.5251677859375 0.9093959734375 0.5251677859375 0.9362416109374999 0.533557046875 0.9546979859375 0.553691275 0.9647650999999999 0.5704697984375 0.95973154375
1 0.4345637578125 0.9630872484375 0.4496644296875 0.9546979859375 0.4563758390625 0.9211409390625 0.444630871875 0.8976510062499999 0.4345637578125 0.8909395968749999 0.4161073828125 0.89261745 0.39429530156250003 0.9077181203125001 0.3892617453125 0.9412751671875 0.399328859375 0.958053690625 0.4345637578125 0.9630872484375
1 0.18959731562499998 0.95134228125 0.194630871875 0.9244966437500001 0.1862416109375 0.9194630874999999 0.17449664375 0.9244966437500001 0.17281879218750001 0.9479865765625 0.18959731562499998 0.95134228125
1 0.283557046875 0.946308725 0.28691275156249996 0.9228187921875 0.2751677859375 0.90604026875 0.25 0.9026845640625 0.2382550328125 0.917785234375 0.23657718125 0.9379194625 0.2466442953125 0.9530201343750001 0.2667785234375 0.958053690625 0.283557046875 0.946308725
1 0.21140939531249997 0.6778523484375001 0.23154362343749998 0.6728187921875 0.24496644218750002 0.654362415625 0.24328859062500002 0.6224832218749999 0.2265100671875 0.6057046984375 0.1996644296875 0.609060403125 0.18288590625 0.6308724828125001 0.181208053125 0.6510067109375 0.1879194625 0.662751678125 0.21140939531249997 0.6778523484375001
1 0.23489932812499997 0.6862416109375 0.20805369062499998 0.6845637578125 0.18959731562499998 0.6979865765625 0.1929530203125 0.7399328859375001 0.20973154374999997 0.751677853125 0.2416107375 0.7416107375000001 0.248322146875 0.716442953125 0.23489932812499997 0.6862416109375
1 0.181208053125 0.5654362421875 0.181208053125 0.5989932890625 0.20973154374999997 0.595637584375 0.21476510000000001 0.57550335625 0.20805369062499998 0.5620805375 0.19127516718749998 0.5587248328125 0.181208053125 0.5654362421875
1 0.2181208046875 0.3489932890625 0.22147650937500002 0.3204697984375 0.21476510000000001 0.305369128125 0.1929530203125 0.3020134234375 0.1778523484375 0.31208053750000003 0.176174496875 0.3355704703125 0.1845637578125 0.35234899375 0.20637583906249998 0.35570469843749997 0.2181208046875 0.3489932890625
1 0.46644295312499995 0.2802013421875 0.46140939531249997 0.2550335578125 0.44127516718750004 0.2416107375 0.42114093906249994 0.2466442953125 0.4093959734375 0.265100671875 0.41275167812499997 0.2936241609375 0.43120805312500005 0.3070469796875 0.4546979859375 0.3003355703125 0.46644295312499995 0.2802013421875
1 0.48322147656250003 0.18288590625 0.46812080468749995 0.181208053125 0.4563758390625 0.1929530203125 0.4546979859375 0.21476510000000001 0.46979865781249996 0.22986577187499999 0.493288590625 0.2181208046875 0.4966442953125 0.19798657656250002 0.48322147656250003 0.18288590625
1 0.5570469796874999 0.4546979859375 0.5620805375 0.42617449687500003 0.5453020140625 0.40436241562499997 0.52181208125 0.4026845640625 0.506711409375 0.41946308749999994 0.5033557046875 0.4362416109375 0.51342281875 0.45973154374999997 0.5369127515625001 0.46812080468749995 0.5570469796874999 0.4546979859375
1 0.5822147656250001 0.3825503359375 0.5822147656250001 0.3624161078125 0.5654362421875 0.34563758437500003 0.5503355703125 0.3473154359375 0.5352349000000001 0.3624161078125 0.5352349000000001 0.3842281875 0.541946309375 0.39429530156250003 0.56711409375 0.39765100625 0.5822147656250001 0.3825503359375
1 0.8104026843750001 0.5083892624999999 0.8104026843750001 0.4748322140625 0.7885906046875 0.4496644296875 0.76342281875 0.446308725 0.7382550328125 0.4748322140625 0.7399328859375001 0.5117449671875 0.7600671140624999 0.5318791953125 0.7869127515625001 0.5318791953125 0.8104026843750001 0.5083892624999999
1 0.41946308749999994 0.803691275 0.42449664374999996 0.7936241609375 0.42114093906249994 0.770134228125 0.4077181203125 0.7617449671875 0.390939596875 0.7684563765625 0.385906040625 0.778523490625 0.390939596875 0.8003355703125001 0.40436241562499997 0.8070469796875 0.41946308749999994 0.803691275
1 0.588926175 0.7315436234375 0.5922818796875 0.70973154375 0.5838926171875001 0.703020134375 0.5721476515624999 0.7046979859375 0.5721476515624999 0.729865771875 0.588926175 0.7315436234375
1 0.4731543625 0.8557046984375001 0.46140939531249997 0.850671140625 0.444630871875 0.8624161078125001 0.444630871875 0.8909395968749999 0.46140939531249997 0.899328859375 0.47818791875000005 0.8909395968749999 0.4815436234375 0.8691275171875 0.4731543625 0.8557046984375001
1 0.5083892624999999 0.9093959734375 0.501677853125 0.899328859375 0.479865771875 0.899328859375 0.4731543625 0.9093959734375 0.4748322140625 0.9295302015625 0.48825503281250004 0.9379194625 0.5 0.9345637578125 0.5083892624999999 0.9093959734375
1 0.64765100625 0.9026845640625 0.6291946312500001 0.8942953015624999 0.6124161078125 0.8976510062499999 0.60738255 0.931208053125 0.6208053687499999 0.9429530203125 0.640939596875 0.9395973156249999 0.6510067109375 0.926174496875 0.64765100625 0.9026845640625
1 0.729865771875 0.8171140937500001 0.7114093953125 0.805369128125 0.689597315625 0.8171140937500001 0.6879194625 0.84395973125 0.696308725 0.8557046984375001 0.7265100671875 0.8557046984375001 0.73657718125 0.8305369125000001 0.729865771875 0.8171140937500001
1 0.8791946312500001 0.48322147656250003 0.864093959375 0.47651006718750005 0.8540268453125 0.48489932812500003 0.8540268453125 0.5083892624999999 0.8657718125 0.5167785234375 0.8791946312500001 0.51342281875 0.8842281875 0.5 0.8791946312500001 0.48322147656250003
1 0.7751677859375 0.864093959375 0.765100671875 0.8590604031250001 0.75 0.8657718125 0.7449664421875 0.8758389265625001 0.748322146875 0.8942953015624999 0.77181208125 0.899328859375 0.7818791953125 0.8825503359375 0.7751677859375 0.864093959375
1 0.885906040625 0.89261745 0.8842281875 0.9194630874999999 0.9026845640625 0.9429530203125 0.9093959734375 0.926174496875 0.9110738250000001 0.877516778125 0.8942953015624999 0.8758389265625001 0.885906040625 0.89261745
1 0.6677852343749999 0.2466442953125 0.6711409390624999 0.21979865781250002 0.661073825 0.20637583906249998 0.640939596875 0.2046979859375 0.6241610734374999 0.216442953125 0.6224832218749999 0.2382550328125 0.6308724828125001 0.2533557046875 0.6526845640625 0.2583892625 0.6677852343749999 0.2466442953125
1 0.6996644296875 0.1879194625 0.6845637578125 0.18959731562499998 0.6761744968750001 0.1996644296875 0.6778523484375001 0.22986577187499999 0.6979865765625 0.23489932812499997 0.7114093953125 0.2248322140625 0.7130872484374999 0.20637583906249998 0.6996644296875 0.1879194625
1 0.5117449671875 0.21140939531249997 0.5117449671875 0.23657718125 0.520134228125 0.24496644218750002 0.5369127515625001 0.24496644218750002 0.5453020140625 0.2181208046875 0.5302013421875 0.2046979859375 0.5117449671875 0.21140939531249997
1 0.5721476515624999 0.1845637578125 0.5620805375 0.176174496875 0.54865771875 0.1778523484375 0.541946309375 0.20134228125 0.5520134234375 0.21140939531249997 0.5620805375 0.21140939531249997 0.5721476515624999 0.203020134375 0.5721476515624999 0.1845637578125
1 0.399328859375 0.23154362343749998 0.399328859375 0.2046979859375 0.385906040625 0.19798657656250002 0.372483221875 0.21140939531249997 0.377516778125 0.23489932812499997 0.399328859375 0.23154362343749998
1 0.411073825 0.1795302015625 0.4093959734375 0.1996644296875 0.42953020156250005 0.2046979859375 0.4362416109375 0.19630872500000002 0.4345637578125 0.1795302015625 0.42617449687500003 0.17281879218750001 0.411073825 0.1795302015625
1 0.270134228125 0.21308724843750002 0.27181208125 0.18959731562499998 0.2600671140625 0.181208053125 0.248322146875 0.1862416109375 0.248322146875 0.20973154374999997 0.270134228125 0.21308724843750002
1 0.7533557046875 0.24328859062500002 0.7533557046875 0.2265100671875 0.73657718125 0.21140939531249997 0.721476509375 0.2181208046875 0.7147650999999999 0.22986577187499999 0.7147650999999999 0.2416107375 0.7265100671875 0.256711409375 0.7416107375000001 0.256711409375 0.7533557046875 0.24328859062500002
1 0.803691275 0.18959731562499998 0.7936241609375 0.18288590625 0.7802013421875 0.1862416109375 0.778523490625 0.21476510000000001 0.7885906046875 0.2231543625 0.8003355703125001 0.22147650937500002 0.8070469796875 0.21308724843750002 0.803691275 0.18959731562499998
1 0.67449664375 0.265100671875 0.6593959734375 0.26342281875 0.6526845640625 0.270134228125 0.65604026875 0.2936241609375 0.6694630874999999 0.296979865625 0.6778523484375001 0.291946309375 0.681208053125 0.2734899328125 0.67449664375 0.265100671875
1 0.823825503125 0.4479865765625 0.8255033562499999 0.46812080468749995 0.8473154359375 0.46979865781249996 0.8523489937500001 0.45973154374999997 0.8473154359375 0.44127516718750004 0.832214765625 0.43959731562500004 0.823825503125 0.4479865765625
1 0.2181208046875 0.90604026875 0.2231543625 0.8959731546875 0.21979865781250002 0.8758389265625001 0.203020134375 0.8674496640625 0.18959731562499998 0.8691275171875 0.181208053125 0.877516778125 0.18288590625 0.9026845640625 0.19798657656250002 0.912751678125 0.2181208046875 0.90604026875
1 0.5117449671875 0.6778523484375001 0.5117449671875 0.694630871875 0.5268456375 0.696308725 0.5251677859375 0.6761744968750001 0.5117449671875 0.6778523484375001