0 0.8697749203124999 0.57717041875 0.8762057875 0.578778134375 0.8794212218749999 0.514469453125 0.8713826359375 0.2363344046875 0.8729903531250001 0.1334405140625 0.8794212218749999 0.1125401921875 0.8745980703124999 0.096463021875 0.8536977484375001 0.1077170421875 0.82958199375 0.11093247656250001 0.1806002140625 0.11897106093750001 0.155948553125 0.10289389062500001 0.1463022515625 0.1077170421875 0.1366559484375 0.0980707390625 0.13504823125 0.0803858515625 0.106109325 0.0578778140625 0.09967845625 0.04180064375 0.0884244375 0.04180064375 0.0884244375 0.032154340625 0.0803858515625 0.0337620578125 0.073954984375 0.05948553125 0.096463021875 0.0691318328125 0.1607717046875 0.1366559484375 0.1575562703125 0.1479099671875 0.1655948546875 0.191318328125 0.1607717046875 0.21221865 0.1655948546875 0.7990353703124999 0.1463022515625 0.8392282953124999 0.1720257234375 0.8360128625 0.191318328125 0.8247588421875 0.7491961421875 0.8151125406249999 0.8762057875 0.8199356906249999 0.8745980703124999 0.79421221875 0.8649517687499999 0.7781350484375 0.8794212218749999 0.7652733125 0.8745980703124999 0.7604501609375001 0.8794212218749999 0.667202571875 0.8649517687499999 0.65273311875 0.8633440515625 0.6125401921875 0.8697749203124999 0.57717041875
1 0.337620578125 0.5482315109375 0.2990353703125 0.5337620578125 0.2749196140625 0.5369774921875 0.2508038578125 0.5578778140625 0.2508038578125 0.5980707390625 0.2990353703125 0.6688102890625001 0.3167202578125 0.6832797421875 0.3424437296875 0.691318328125 0.393890675 0.6945337625 0.4276527328125 0.676848875 0.4630225078125 0.6752411578124999 0.485530546875 0.667202571875 0.585209003125 0.6784565921875 0.602893890625 0.6688102890625001 0.609324759375 0.638263665625 0.36495176875 0.638263665625 0.3456591640625 0.620578778125 0.3392282953125 0.58199356875 0.3456591640625 0.5659163984375 0.337620578125 0.5482315109375
1 0.350482315625 0.561093246875 0.3456591640625 0.56430868125 0.34726688125 0.6157556265624999 0.3569131828125 0.631832796875 0.59967845625 0.631832796875 0.609324759375 0.6286173640625 0.644694534375 0.5900321546875 0.6463022515625 0.5803858515625 0.6286173640625 0.57073955 0.6077170421875 0.54662379375 0.5868167203125 0.54180064375 0.567524115625 0.5450160765625001 0.543408359375 0.5659163984375 0.50643086875 0.5803858515625 0.4131832796875 0.57717041875 0.350482315625 0.561093246875
1 0.41800643125 0.44212218593749997 0.3987138265625 0.44212218593749997 0.379421221875 0.461414790625 0.38263665625 0.48392282968749994 0.397106109375 0.4951768484375 0.42443729843750005 0.4951768484375 0.43890675312500005 0.4823151125 0.43729903593749997 0.45819935625 0.41800643125 0.44212218593749997
1 0.247588425 0.4598070734375 0.262057878125 0.47427652656249997 0.2813504828125 0.4807073953125 0.344051446875 0.479099678125 0.368167203125 0.461414790625 0.3713826359375 0.4453376203125 0.3601286171875 0.41157556250000005 0.32958199375 0.3601286171875 0.308681671875 0.3424437296875 0.2717041796875 0.3344051453125 0.2508038578125 0.3424437296875 0.2363344046875 0.3585209 0.2282958203125 0.40192926093750003 0.23472668749999998 0.43408360156250003 0.247588425 0.4598070734375
1 0.41800643125 0.279742765625 0.41800643125 0.2652733125 0.3762057875 0.2170418 0.361736334375 0.21221865 0.297427653125 0.21221865 0.2395498390625 0.2315112546875 0.23794212187500002 0.24919614218750002 0.255627009375 0.2668810296875 0.31189710625 0.2829582 0.41157556250000005 0.284565915625 0.41800643125 0.279742765625
1 0.6334405140625 0.3408360125 0.7427652734375 0.2572347265625 0.6334405140625 0.226688103125 0.609324759375 0.2170418 0.556270096875 0.22347266875 0.5369774921875 0.2331189703125 0.5048231515625 0.2958199359375 0.543408359375 0.379421221875 0.49839228281250003 0.46945337656249997 0.578778134375 0.47588424375000005 0.6334405140625 0.3408360125
1 0.7813504828125 0.70578778125 0.8054662374999999 0.6961414796875001 0.8167202578125 0.673633440625 0.81189710625 0.6479099671874999 0.7700964625 0.6237942125 0.7491961421875 0.6221864953125 0.726688103125 0.6302250796875 0.7073954984374999 0.6543408359375 0.70578778125 0.673633440625 0.720257234375 0.6945337625 0.747588425 0.70578778125 0.7813504828125 0.70578778125
1 0.697749196875 0.65273311875 0.67041800625 0.6463022515625 0.655948553125 0.655948553125 0.65273311875 0.6752411578124999 0.6655948546875 0.68810289375 0.6832797421875 0.6897106109375 0.702572346875 0.680064309375 0.7041800640625 0.6639871375 0.697749196875 0.65273311875
1 0.762057878125 0.6045016078125001 0.7668810296874999 0.609324759375 0.784565915625 0.606109325 0.7926045015625001 0.578778134375 0.7893890671875 0.5627009640625 0.7700964625 0.5659163984375 0.762057878125 0.6045016078125001
1 0.7347266875 0.45176848906249994 0.744372990625 0.44212218593749997 0.7363344046875 0.40996784531249997 0.773311896875 0.355305465625 0.7700964625 0.3408360125 0.75884244375 0.3344051453125 0.7170418 0.337620578125 0.697749196875 0.368167203125 0.697749196875 0.390675240625 0.709003215625 0.42282958125 0.726688103125 0.450160771875 0.7347266875 0.45176848906249994