0 0.2 0.8734375 0.225 0.871875 0.240625 0.8625 0.253125 0.8765625 0.2578125 0.871875 0.3484375 0.8765625 0.3625 0.8625 0.4015625 0.8609375 0.4359375 0.8671875 0.434375 0.8734375 0.496875 0.8765625 0.7671875 0.86875 0.8671875 0.8703125 0.8875 0.8765625 0.903125 0.871875 0.8921875 0.8515625 0.8890625 0.828125 0.88125 0.1973958328125 0.896875 0.1734375 0.8921875 0.1640625 0.9015625 0.1546875 0.91875 0.153125 0.940625 0.125 0.95625 0.11875 0.95625 0.1078125 0.965625 0.1078125 0.9640625 0.1 0.9390625 0.09375 0.9296875 0.115625 0.8640625 0.178125 0.853125 0.175 0.8109375 0.1828125 0.790625 0.178125 0.2203125 0.1828125 0.18125 0.1640625 0.184375 0.1890625 0.1953125 0.2078125 0.2046875 0.75 0.2 0.8734375
1 0.3484375 0.49375 0.3375 0.590625 0.346875 0.6078125 0.3765625 0.6140625 0.3765625 0.3765625 0.39375 0.3578125 0.43125 0.3515625 0.446875 0.3578125 0.4640625 0.35 0.478125 0.3125 0.475 0.2890625 0.4546875 0.265625 0.415625 0.265625 0.346875 0.3125 0.3328125 0.3296875 0.325 0.3546875 0.321875 0.4046875 0.3390625 0.4375 0.340625 0.471875 0.3484375 0.49375
1 0.4328125 0.65 0.4421875 0.6328125 0.465625 0.6125 0.4703125 0.5921875 0.4671875 0.5734375 0.446875 0.55 0.4328125 0.5140625 0.4359375 0.4234375 0.4515625 0.3625 0.4484375 0.3578125 0.3984375 0.359375 0.3828125 0.36875 0.3828125 0.6046875 0.3859375 0.6140625 0.4234375 0.6484375 0.4328125 0.65
1 0.5671875 0.428125 0.5671875 0.409375 0.5484375 0.390625 0.5265625 0.39375 0.515625 0.4078125 0.515625 0.434375 0.528125 0.4484375 0.5515625 0.446875 0.5671875 0.428125
1 0.596875 0.371875 0.646875 0.3421875 0.6640625 0.321875 0.671875 0.2859375 0.6640625 0.265625 0.6484375 0.2515625 0.60625 0.24375 0.575 0.25 0.55 0.2625 0.5359375 0.2765625 0.5296875 0.2953125 0.53125 0.35625 0.5484375 0.3796875 0.5640625 0.3828125 0.596875 0.371875
1 0.7859375 0.3875 0.790625 0.3734375 0.790625 0.3109375 0.771875 0.2546875 0.7546875 0.253125 0.7375 0.2703125 0.721875 0.325 0.7203125 0.421875 0.725 0.428125 0.7390625 0.428125 0.7859375 0.3875
1 0.7765625 0.6375 0.7859375 0.6140625 0.7796875 0.5625 0.7703125 0.54375 0.709375 0.5125 0.628125 0.55 0.540625 0.50625 0.534375 0.584375 0.665625 0.6375 0.746875 0.74375 0.7765625 0.6375
1 0.3671875 0.8109375 0.390625 0.7703125 0.3921875 0.75 0.384375 0.728125 0.3609375 0.709375 0.3421875 0.7078125 0.321875 0.721875 0.3109375 0.7484375 0.3109375 0.78125 0.3203125 0.8046875 0.3421875 0.815625 0.3671875 0.8109375
1 0.3625 0.7 0.36875 0.6734375 0.359375 0.659375 0.340625 0.65625 0.328125 0.66875 0.3265625 0.6859375 0.3359375 0.7046875 0.3515625 0.70625 0.3625 0.7
1 0.45 0.7890625 0.446875 0.7703125 0.409375 0.7625 0.4046875 0.7671875 0.4078125 0.784375 0.434375 0.7921875 0.45 0.7890625
1 0.6515625 0.7734375 0.665625 0.7703125 0.671875 0.759375 0.66875 0.71875 0.6390625 0.7 0.6171875 0.7 0.5859375 0.7109375 0.559375 0.728125 0.5578125 0.7359375 0.5671875 0.7453125 0.5984375 0.7375 0.6515625 0.7734375