0 0.44480519531249996 0.86850649375 0.44318181875 0.875 0.5081168828125 0.8782467531249999 0.7889610390625 0.8701298703125 0.8928571421875 0.8717532468750001 0.9139610390625 0.8782467531249999 0.9301948046874999 0.8733766234375 0.91883116875 0.8522727265625001 0.9155844156249999 0.8279220781250001 0.9074675328125 0.17261904687500002 0.9237012984374999 0.1477272734375 0.91883116875 0.1379870125 0.9285714281249999 0.128246753125 0.9464285718750001 0.1266233765625 0.96915584375 0.097402596875 0.9853896109375 0.090909090625 0.9853896109375 0.07954545468749999 0.9951298703125 0.07954545468749999 0.99350649375 0.071428571875 0.9675324671875 0.064935065625 0.9577922078125001 0.08766233749999999 0.8896103890625 0.152597403125 0.8782467531249999 0.14935065 0.8344155843750001 0.1574675328125 0.8133116890625001 0.152597403125 0.2207792203125 0.1574675328125 0.1801948046875 0.1379870125 0.1834415578125 0.16396103906249998 0.1948051953125 0.1834415578125 0.2045454546875 0.746753246875 0.19967532500000001 0.875 0.22564935 0.8733766234375 0.2418831171875 0.8636363640625 0.2548701296875 0.8782467531249999 0.259740259375 0.8733766234375 0.353896103125 0.8782467531249999 0.36850649375 0.8636363640625 0.409090909375 0.8620129875 0.44480519531249996 0.86850649375
1 0.47402597343749997 0.33116883124999996 0.48863636406250005 0.29220779218750004 0.48538961093750005 0.2678571421875 0.46428571406249997 0.24350649375 0.42370129843750004 0.24350649375 0.35227272656249997 0.29220779218750004 0.33766233749999996 0.310064934375 0.32954545468749996 0.33603896093749996 0.32629870156249996 0.3879870125 0.34415584374999997 0.422077921875 0.34577922031249997 0.45779220781249996 0.353896103125 0.48051948125 0.34253246718749997 0.5811688312500001 0.35227272656249997 0.5990259734375 0.3831168828125 0.60551948125 0.3831168828125 0.358766234375 0.40097402656250003 0.33928571406249997 0.439935065625 0.33279220781249996 0.45616883125 0.33928571406249997 0.47402597343749997 0.33116883124999996
1 0.46103896093749996 0.34415584374999997 0.45779220781249996 0.33928571406249997 0.40584415625 0.34090909062499997 0.3896103890625 0.35064934999999997 0.3896103890625 0.5957792203125 0.3928571421875 0.60551948125 0.43181818125 0.641233765625 0.44155844218749996 0.6428571421875 0.45129870156249996 0.625 0.47564935 0.6038961031250001 0.48051948125 0.5827922078125 0.47727272656249997 0.5633116890625 0.45616883125 0.5389610390625 0.44155844218749996 0.5016233765625 0.44480519531249996 0.40746753281250003 0.46103896093749996 0.34415584374999997
1 0.5811688312500001 0.4123376625 0.5811688312500001 0.3928571421875 0.5616883109375 0.3733766234375 0.5389610390625 0.3766233765625 0.5275974031249999 0.391233765625 0.5275974031249999 0.41883116875 0.5405844156249999 0.43344155781250004 0.5649350656250001 0.43181818125 0.5811688312500001 0.4123376625
1 0.5633116890625 0.240259740625 0.5487012984375 0.2548701296875 0.5422077921875 0.27435065000000003 0.5438311687499999 0.33766233749999996 0.5616883109375 0.3620129875 0.5779220781250001 0.365259740625 0.6120129875 0.353896103125 0.6639610390625 0.32305194843749996 0.6818181812499999 0.30194805156250004 0.6899350656250001 0.2646103890625 0.6818181812499999 0.24350649375 0.6655844156249999 0.228896103125 0.621753246875 0.2207792203125 0.5892857140625 0.2272727265625 0.5633116890625 0.240259740625
1 0.7451298703125 0.4123376625 0.759740259375 0.4123376625 0.8084415578125 0.3701298703125 0.8133116890625001 0.35551948125 0.8133116890625001 0.29058441562500004 0.7938311687499999 0.2321428578125 0.7759740265625 0.23051948125 0.7581168828125 0.2483766234375 0.7418831171875 0.30519480468750004 0.740259740625 0.40584415625 0.7451298703125 0.4123376625
1 0.6834415578125 0.6298701296875 0.7678571421875 0.740259740625 0.7987012984375 0.6298701296875 0.8084415578125 0.60551948125 0.8019480515625 0.5519480515625 0.7922077921875 0.5324675328125 0.7288961031250001 0.5 0.64448051875 0.5389610390625 0.5535714281249999 0.49350649375 0.5470779218749999 0.5746753250000001 0.6834415578125 0.6298701296875
1 0.314935065625 0.7792207796875 0.32467532499999996 0.8035714281249999 0.34740259687499997 0.8149350656250001 0.3733766234375 0.8100649343749999 0.39772727343750003 0.7678571421875 0.39935065000000003 0.746753246875 0.391233765625 0.7240259734375 0.3668831171875 0.7045454546875 0.34740259687499997 0.7029220781250001 0.32629870156249996 0.7175324671875 0.314935065625 0.7451298703125 0.314935065625 0.7792207796875
1 0.36850649375 0.6948051953125 0.375 0.6672077921875 0.365259740625 0.6525974031249999 0.34577922031249997 0.6493506499999999 0.33279220781249996 0.6623376624999999 0.33116883124999996 0.6801948046875 0.34090909062499997 0.6996753250000001 0.3571428578125 0.7012987015625 0.36850649375 0.6948051953125
1 0.41720779218750004 0.759740259375 0.4123376625 0.7646103890625 0.415584415625 0.7824675328125 0.44318181875 0.7905844156249999 0.459415584375 0.7873376624999999 0.45616883125 0.7678571421875 0.41720779218750004 0.759740259375
1 0.5714285718750001 0.7321428578125 0.5811688312500001 0.7418831171875 0.6136363640625 0.733766234375 0.6688311687499999 0.7711038968749999 0.6834415578125 0.7678571421875 0.6899350656250001 0.75649350625 0.6866883109375 0.7142857140625 0.6558441562499999 0.6948051953125 0.6331168828125 0.6948051953125 0.6006493500000001 0.7061688312500001 0.5730519484375 0.7240259734375 0.5714285718750001 0.7321428578125