0 0 0 0 1 0.271103896875 1 0.28896103906250004 0.9967532468750001 0.2983405484375 1 0.7045454546875 1 0.7126623375000001 0.9967532468750001 0.7169913421875 1 0.739718615625 1 0.7451298703125 0.9918831171875 0.76948051875 0.9837662343750001 0.7759740265625 0.9902597406250001 0.7759740265625 1 1 1 1 0 0.935606059375 0 0.9334415578125 0.009740259375000001 0.8928571421875 0.0048701296875000005 0.885064934375 0 0.8770292203125001 0 0.86850649375 0.009740259375000001 0.8409090906250001 0.003246753125 0.8051948046874999 0.0113636359375 0.7938311687499999 0.0113636359375 0.7873376624999999 0.003246753125 0.7077922078125 0.009740259375000001 0.6948051953125 0.0048701296875000005 0.6737012984375 0.009740259375000001 0.6477272734375 0.0048701296875000005 0.6428571421875 0.009740259375000001 0.375 0.0081168828125 0.34253246718749997 0 0.3103896109375 0 0.30194805156250004 0.003246753125 0.296753246875 0 0 0
1 0.7922077921875 0.9074675328125 0.8409090906250001 0.8928571421875 0.8717532468750001 0.8652597406250001 0.8798701296875 0.8409090906250001 0.8782467531249999 0.7743506499999999 0.8668831171875 0.733766234375 0.8360389609375 0.6883116890625 0.76948051875 0.6590909093749999 0.7256493500000001 0.608766234375 0.7142857140625 0.5762987015625 0.7207792203125 0.516233765625 0.7094155843750001 0.5016233765625 0.6915584421875 0.5 0.60551948125 0.5324675328125 0.5957792203125 0.5454545453125 0.5957792203125 0.5762987015625 0.6201298703125 0.6006493500000001 0.641233765625 0.6509740265625 0.641233765625 0.7824675328125 0.64448051875 0.8133116890625001 0.6542207796875 0.8344155843750001 0.6948051953125 0.8831168828125 0.7240259734375 0.8977272734374999 0.7922077921875 0.9074675328125
1 0.8474025968750001 0.07954545468749999 0.8425324671875 0.1428571421875 0.8474025968750001 0.18181818125 0.8522727265625001 0.202922078125 0.8798701296875 0.228896103125 0.9220779218749999 0.228896103125 0.9512987015625001 0.2077922078125 0.9545454546875 0.16396103906249998 0.9301948046874999 0.103896103125 0.91883116875 0.0892857140625 0.8896103890625 0.074675325 0.8474025968750001 0.07954545468749999
1 0.93181818125 0.32142857187499996 0.9123376625 0.30681818125000004 0.89448051875 0.30032467500000004 0.86850649375 0.30681818125000004 0.83116883125 0.371753246875 0.8295454546875 0.396103896875 0.8360389609375 0.4123376625 0.8636363640625 0.43668831093750005 0.88149350625 0.43668831093750005 0.8831168828125 0.428571428125 0.9220779218749999 0.422077921875 0.9480519484375 0.39448051875 0.9448051953125001 0.34740259687499997 0.93181818125 0.32142857187499996
1 0.47402597343749997 0.28084415625000003 0.43831168906249995 0.2418831171875 0.41071428593750003 0.2451298703125 0.3863636359375 0.32792207812499996 0.35227272656249997 0.39448051875 0.34902597343749997 0.44805194843749996 0.3636363640625 0.46428571406249997 0.3879870125 0.47402597343749997 0.439935065625 0.47402597343749997 0.45616883125 0.465909090625 0.48538961093750005 0.43831168906249995 0.496753246875 0.40746753281250003 0.49350649375 0.32467532499999996 0.47402597343749997 0.28084415625000003
1 0.40584415625 0.7873376624999999 0.3928571421875 0.759740259375 0.358766234375 0.7175324671875 0.34253246718749997 0.7142857140625 0.310064934375 0.7256493500000001 0.2629870125 0.7711038968749999 0.24350649375 0.8198051953125001 0.24350649375 0.8457792203125001 0.2516233765625 0.8701298703125 0.28084415625000003 0.89935065 0.35551948125 0.9042207796874999 0.3863636359375 0.8928571421875 0.40746753281250003 0.8701298703125 0.4123376625 0.8214285718750001 0.40584415625 0.7873376624999999
1 0.19967532500000001 0.43181818125 0.18181818125 0.41720779218750004 0.152597403125 0.41720779218750004 0.13149350625 0.42694805156250004 0.1103896109375 0.446428571875 0.08116883124999999 0.5048701296875 0.07954545468749999 0.5487012984375 0.0957792203125 0.5746753250000001 0.121753246875 0.5892857140625 0.17370129843749998 0.5892857140625 0.1980519484375 0.5811688312500001 0.2142857140625 0.5649350656250001 0.2240259734375 0.48538961093750005 0.19967532500000001 0.43181818125
1 0 0.9155844156249999 0.0081168828125 0.9155844156249999 0.047077921875 0.90584415625 0.064935065625 0.8961038968749999 0.0925324671875 0.8652597406250001 0.0892857140625 0.8133116890625001 0.07954545468749999 0.7922077921875 0.0584415578125 0.7711038968749999 0.030844156249999997 0.7110389609375 0.019480518750000002 0.6785714281249999 0.016233765625 0.6298701296875 0 0.6018299890625001 0 0.9155844156249999
1 0 0.5942718 0.021103896875 0.5957792203125 0.061688310937500004 0.5811688312500001 0.0698051953125 0.5681818187500001 0.0698051953125 0.5519480515625 0.0551948046875 0.5373376624999999 0.040584415624999995 0.5308441562499999 0 0.5347716796875 0 0.5942718
1 0.209415584375 0.2386363640625 0.16883116874999998 0.240259740625 0.16396103906249998 0.27597402656250003 0.18181818125 0.28733766250000004 0.20616883125 0.28409090937500003 0.2142857140625 0.259740259375 0.209415584375 0.2386363640625
1 0.19967532500000001 0.35227272656249997 0.19967532500000001 0.33116883124999996 0.1948051953125 0.32792207812499996 0.1769480515625 0.32467532499999996 0.152597403125 0.33441558437499996 0.1477272734375 0.3571428578125 0.1834415578125 0.371753246875 0.19967532500000001 0.35227272656249997
1 0.26948051875 0.5016233765625 0.30032467500000004 0.5113636359375 0.32305194843749996 0.49512987031250005 0.32142857187499996 0.46915584375 0.30194805156250004 0.45779220781249996 0.28409090937500003 0.45616883125 0.2613636359375 0.46428571406249997 0.2581168828125 0.4870129875 0.26948051875 0.5016233765625
1 0.6672077921875 0.2483766234375 0.6769480515625 0.2353896109375 0.6688311687499999 0.2142857140625 0.641233765625 0.2110389609375 0.625 0.2321428578125 0.628246753125 0.2418831171875 0.6461038968749999 0.253246753125 0.6672077921875 0.2483766234375
1 0.6233766234375 0.425324675 0.6623376624999999 0.422077921875 0.6639610390625 0.39448051875 0.6493506499999999 0.3896103890625 0.6201298703125 0.39448051875 0.6233766234375 0.425324675
1 0.76948051875 0.2077922078125 0.7646103890625 0.202922078125 0.7370129875 0.2077922078125 0.7370129875 0.228896103125 0.7613636359375 0.2353896109375 0.7711038968749999 0.222402596875 0.76948051875 0.2077922078125
1 0.27272727343750003 0.1915584421875 0.2516233765625 0.1915584421875 0.2418831171875 0.2012987015625 0.2483766234375 0.23051948125 0.27922077968750003 0.2207792203125 0.28246753281250003 0.202922078125 0.27272727343750003 0.1915584421875
1 0.44318181875 0.047077921875 0.44318181875 0.029220779687499997 0.43019480468750004 0.0113636359375 0.409090909375 0.0113636359375 0.39935065000000003 0.034090909375 0.41883116875 0.0633116890625 0.435064934375 0.061688310937500004 0.44318181875 0.047077921875
1 0.9415584421875 0.6623376624999999 0.9610389609375 0.6623376624999999 0.9659090906250001 0.6542207796875 0.9577922078125001 0.634740259375 0.9334415578125 0.641233765625 0.9415584421875 0.6623376624999999
1 1 0.3593565515625 0.98051948125 0.3620129875 0.98051948125 0.375 0.9951298703125 0.3896103890625 1 0.391108890625 1 0.3593565515625
1 0.1834415578125 0.9577922078125001 0.16558441562499998 0.9594155843750001 0.15909090937499998 0.9707792203125001 0.16233766249999998 0.9837662343750001 0.189935065625 0.9788961031250001 0.1915584421875 0.9659090906250001 0.1834415578125 0.9577922078125001
1 0.28409090937500003 0.641233765625 0.2581168828125 0.641233765625 0.2613636359375 0.6590909093749999 0.27759740312500003 0.6623376624999999 0.28409090937500003 0.641233765625