0 0.025 0.11875 0.0171875 0.13125 0.0296875 0.1421875 0.0234375 0.16875 0.03125 0.203125 0.03125 0.2140625 0.0234375 0.2203125 0.0296875 0.296875 0.025 0.309375 0.0296875 0.3296875 0.025 0.3546875 0.0296875 0.359375 0.028125 0.6171875 0.015625 0.6671875 0.0234375 0.6875 0.015625 0.7 0.0171875 0.74375 0.0125 0.746875 0.01875 0.871875 0.015625 0.9984375 0.9890625 0.9984375 0.9875 0.884375 0.9921875 0.8765625 0.9859375 0.8359375 0.99375 0.728125 0.9921875 0.71875 0.9828125 0.7171875 0.9796875 0.7 0.99375 0.659375 0.9890625 0.6484375 0.99375 0.5984375 0.9875 0.5125 0.9921875 0.3234375 0.9796875 0.2921875 0.99375 0.2734375 0.975 0.2609375 0.9671875 0.2375 0.9734375 0.23125 0.9921875 0.23125 0.9859375 0.1859375 0.9984375 0.0828125 0.9984375 0.0125 0.99375 0.003125 0.0296875 0 0.015625 0.009375 0.0140625 0.025 0.01875 0.0296875 0.015625 0.0765625 0.0296875 0.0796875 0.025 0.11875
1 0.575 0.4046875 0.5984375 0.38125 0.646875 0.3609375 0.7734375 0.3609375 0.803125 0.3578125 0.8234375 0.3484375 0.8703125 0.309375 0.884375 0.28125 0.89375 0.215625 0.8796875 0.16875 0.853125 0.1390625 0.8296875 0.13125 0.765625 0.1328125 0.7265625 0.14375 0.6828125 0.1734375 0.6546875 0.2375 0.60625 0.2796875 0.575 0.290625 0.5171875 0.284375 0.503125 0.2953125 0.5015625 0.3125 0.5328125 0.3953125 0.5453125 0.4046875 0.575 0.4046875
1 0.215625 0.1578125 0.240625 0.13125 0.240625 0.090625 0.2203125 0.0625 0.178125 0.059375 0.1203125 0.0828125 0.10625 0.09375 0.0921875 0.121875 0.096875 0.1625 0.1578125 0.1671875 0.1953125 0.1625 0.215625 0.1578125
1 0.4015625 0.1796875 0.4171875 0.1734375 0.440625 0.146875 0.440625 0.1296875 0.4328125 0.128125 0.4265625 0.090625 0.4 0.065625 0.3546875 0.06875 0.3296875 0.08125 0.315625 0.1 0.309375 0.1171875 0.315625 0.1421875 0.378125 0.178125 0.4015625 0.1796875
1 0.4515625 0.6421875 0.4671875 0.628125 0.4765625 0.6046875 0.4765625 0.5546875 0.46875 0.5390625 0.4421875 0.5109375 0.4125 0.5 0.3328125 0.503125 0.290625 0.521875 0.253125 0.55625 0.25625 0.5828125 0.3359375 0.60625 0.4 0.6390625 0.4515625 0.6421875
1 0.809375 0.74375 0.834375 0.74375 0.8578125 0.7359375 0.8859375 0.7078125 0.890625 0.6359375 0.8796875 0.60625 0.8578125 0.5859375 0.8109375 0.58125 0.778125 0.5875 0.7515625 0.6 0.7109375 0.6328125 0.7078125 0.6484375 0.71875 0.6796875 0.7625 0.725 0.809375 0.74375
1 0.50625 0.9 0.5484375 0.9015625 0.5734375 0.8859375 0.5875 0.8609375 0.5875 0.8109375 0.5796875 0.7875 0.5640625 0.771875 0.4875 0.7625 0.4359375 0.7859375 0.421875 0.803125 0.421875 0.83125 0.43125 0.8515625 0.45 0.871875 0.50625 0.9
1 0.8921875 0.9328125 0.8828125 0.915625 0.853125 0.8890625 0.803125 0.8921875 0.7828125 0.9015625 0.7625 0.921875 0.7046875 0.9484375 0.6734375 0.959375 0.6265625 0.9625 0.596875 0.9796875 0.59375 0.9984375 0.9015625 0.9984375 0.9015625 0.9703125 0.8921875 0.9328125
1 0.58125 0.9984375 0.5921875 0.9796875 0.59375 0.9578125 0.5796875 0.91875 0.5671875 0.9109375 0.5515625 0.9109375 0.5375 0.925 0.53125 0.9390625 0.5359375 0.9875 0.54375 0.9984375 0.58125 0.9984375
1 0.29375 0.7796875 0.2703125 0.771875 0.25 0.7765625 0.2515625 0.815625 0.2859375 0.8203125 0.296875 0.803125 0.29375 0.7796875
1 0.378125 0.8015625 0.359375 0.7859375 0.3390625 0.7859375 0.3359375 0.790625 0.3328125 0.8078125 0.3421875 0.83125 0.3640625 0.8359375 0.378125 0.8015625
1 0.503125 0.71875 0.5125 0.6890625 0.496875 0.6671875 0.471875 0.66875 0.4609375 0.6875 0.459375 0.7046875 0.4671875 0.7265625 0.4890625 0.7296875 0.503125 0.71875
1 0.2640625 0.35625 0.259375 0.3359375 0.246875 0.3265625 0.2265625 0.334375 0.2234375 0.3609375 0.24375 0.3765625 0.253125 0.3734375 0.2640625 0.35625
1 0.4 0.3390625 0.3953125 0.353125 0.4 0.38125 0.4296875 0.378125 0.4265625 0.340625 0.4 0.3390625
1 0.246875 0.2453125 0.234375 0.2359375 0.2203125 0.2375 0.215625 0.2421875 0.2203125 0.26875 0.240625 0.26875 0.246875 0.2453125
1 0.2328125 0.709375 0.215625 0.70625 0.2046875 0.715625 0.2046875 0.7359375 0.2140625 0.7453125 0.2421875 0.7390625 0.2328125 0.709375
1 0.0796875 0.559375 0.065625 0.5515625 0.0484375 0.5515625 0.03125 0.5640625 0.03125 0.584375 0.053125 0.59375 0.08125 0.575 0.0796875 0.559375
1 0.65 0.0484375 0.63125 0.05625 0.6375 0.0796875 0.6578125 0.071875 0.6578125 0.053125 0.65 0.0484375
1 0.3640625 0 0.36875 0.034375 0.38125 0.034375 0.3953125 0.0203125 0.4015625 0 0.3640625 0
1 0.9625 0.7953125 0.95 0.79375 0.9421875 0.8015625 0.94375 0.81875 0.9546875 0.825 0.9671875 0.821875 0.9625 0.7953125
1 0.6375 0.7046875 0.6375 0.7296875 0.6546875 0.7265625 0.6578125 0.7109375 0.6375 0.7046875