0 0 0 0 1 0.2966666671875 1 0.315 0.9966666671875 0.32462962968750003 1 0.7416666671875001 1 0.75 0.9966666671875 0.7544444453125 1 0.777777778125 1 0.7833333328125 0.9916666671875 0.8083333328125001 0.9833333328125 0.8150000000000001 0.99 0.8150000000000001 1 1 1 1 0 0 0
1 0.8316666671874999 0.905 0.8816666671875 0.89 0.9133333328125 0.8616666671875001 0.9216666671875 0.8366666671875 0.9199999999999999 0.7683333328125 0.9083333328125001 0.7266666671875 0.8766666671875001 0.6799999999999999 0.8083333328125001 0.65 0.7633333328125 0.5983333328125 0.7516666671875 0.5650000000000001 0.7583333328124999 0.5033333328125 0.7466666671875 0.4883333328125 0.7283333328125 0.48666666718749996 0.64 0.52 0.63 0.5333333328125 0.63 0.5650000000000001 0.655 0.5900000000000001 0.6766666671875 0.6416666671875 0.6766666671875 0.7766666671875 0.6799999999999999 0.8083333328125001 0.6900000000000001 0.8300000000000001 0.7316666671875 0.8800000000000001 0.7616666671875 0.8949999999999999 0.8316666671874999 0.905
1 0.8883333328124999 0.05500000000000001 0.8833333328125 0.12 0.8883333328124999 0.16 0.8933333328125 0.1816666671875 0.9216666671875 0.20833333281250002 0.9650000000000001 0.20833333281250002 0.9949999999999999 0.1866666671875 0.9983333328124999 0.1416666671875 0.9733333328124999 0.08 0.9616666671875 0.065 0.9316666671875 0.05 0.8883333328124999 0.05500000000000001
1 0.975 0.30333333281249997 0.9550000000000001 0.2883333328125 0.9366666671875 0.2816666671875 0.9099999999999999 0.2883333328125 0.8716666671875 0.355 0.8699999999999999 0.38 0.8766666671875001 0.3966666671875 0.905 0.4216666671875 0.9233333328125 0.4216666671875 0.925 0.41333333281250006 0.9650000000000001 0.4066666671875 0.9916666671875 0.3783333328125 0.9883333328124999 0.32999999999999996 0.975 0.30333333281249997
1 0.505 0.2616666671875 0.4683333328125 0.2216666671875 0.44000000000000006 0.225 0.41500000000000004 0.31 0.38 0.3783333328125 0.37666666718749997 0.43333333281249997 0.3916666671875 0.45 0.4166666671875 0.45999999999999996 0.47000000000000003 0.45999999999999996 0.48666666718749996 0.4516666671875 0.5166666671875 0.4233333328125 0.5283333328125 0.3916666671875 0.525 0.3066666671875 0.505 0.2616666671875
1 0.43499999999999994 0.7816666671875 0.4216666671875 0.7533333328125 0.3866666671875 0.71 0.37 0.7066666671874999 0.3366666671875 0.7183333328125 0.2883333328125 0.765 0.2683333328125 0.8150000000000001 0.2683333328125 0.8416666671874999 0.2766666671875 0.8666666671875 0.3066666671875 0.8966666671875 0.38333333281250004 0.9016666671875001 0.41500000000000004 0.89 0.43666666718749997 0.8666666671875 0.44166666718750003 0.8166666671874999 0.43499999999999994 0.7816666671875
1 0.2233333328125 0.4166666671875 0.205 0.4016666671875 0.175 0.4016666671875 0.1533333328125 0.41166666718749995 0.1316666671875 0.43166666718749996 0.10166666718749999 0.4916666671875 0.1 0.5366666671875 0.1166666671875 0.5633333328125001 0.1433333328125 0.5783333328125 0.1966666671875 0.5783333328125 0.2216666671875 0.5700000000000001 0.2383333328125 0.5533333328125 0.2483333328125 0.4716666671875 0.2233333328125 0.4166666671875
1 0 0.9133333328125 0.0266666671875 0.9133333328125 0.0666666671875 0.9033333328125 0.08499999999999999 0.8933333328125 0.11333333281249999 0.8616666671875001 0.11000000000000001 0.8083333328125001 0.1 0.7866666671875 0.0783333328125 0.765 0.05 0.7033333328125 0.038333332812499996 0.67 0.034999999999999996 0.62 0.0166666671875 0.5883333328125 0 0.5855555546875 0 0.9133333328125
1 0 0.5736111109375 0.0166666671875 0.5833333328125 0.04 0.585 0.0816666671875 0.5700000000000001 0.09 0.5566666671875 0.09 0.54 0.075 0.525 0.06 0.5183333328125 0.0083333328125 0.5233333328125 0 0.529285715625 0 0.5736111109375
1 0.23333333281250002 0.21833333281249998 0.1916666671875 0.22000000000000003 0.1866666671875 0.25666666718750003 0.205 0.2683333328125 0.22999999999999998 0.265 0.2383333328125 0.24 0.23333333281250002 0.21833333281249998
1 0.2233333328125 0.335 0.2233333328125 0.3133333328125 0.21833333281249998 0.31 0.2 0.3066666671875 0.175 0.3166666671875 0.16999999999999998 0.33999999999999997 0.2066666671875 0.355 0.2233333328125 0.335
1 0.29500000000000004 0.4883333328125 0.3266666671875 0.49833333281250003 0.35 0.48166666718749995 0.3483333328125 0.45499999999999996 0.3283333328125 0.44333333281250004 0.31 0.44166666718750003 0.2866666671875 0.45 0.2833333328125 0.4733333328125 0.29500000000000004 0.4883333328125
1 0.7033333328125 0.22833333281249998 0.7133333328125 0.215 0.705 0.1933333328125 0.6766666671875 0.19 0.6599999999999999 0.2116666671875 0.6633333328125001 0.2216666671875 0.6816666671875 0.23333333281250002 0.7033333328125 0.22833333281249998
1 0.6583333328125 0.41 0.6983333328125 0.4066666671875 0.7 0.3783333328125 0.6849999999999999 0.37333333281250003 0.655 0.3783333328125 0.6583333328125 0.41
1 0.8083333328125001 0.1866666671875 0.8033333328125 0.1816666671875 0.775 0.1866666671875 0.775 0.20833333281250002 0.8 0.215 0.8099999999999999 0.20166666718749998 0.8083333328125001 0.1866666671875
1 0.2983333328125 0.16999999999999998 0.2766666671875 0.16999999999999998 0.2666666671875 0.18 0.2733333328125 0.21000000000000002 0.305 0.2 0.3083333328125 0.1816666671875 0.2983333328125 0.16999999999999998
1 0.43190476093749997 0 0.42833333281249997 0.0083333328125 0.4483333328125 0.038333332812499996 0.465 0.0366666671875 0.4733333328125 0.0216666671875 0.4733333328125 0.0033333328125 0.4709090921875 0 0.43190476093749997 0
1 1 0.6254444453125 0.9766666671875001 0.6316666671875 0.985 0.6533333328125 1 0.6533333328125 1 0.6254444453125
1 0.2066666671875 0.9566666671874999 0.1883333328125 0.9583333328125001 0.1816666671875 0.97 0.185 0.9833333328125 0.2133333328125 0.9783333328125 0.215 0.9650000000000001 0.2066666671875 0.9566666671874999
1 0.31 0.6316666671875 0.2833333328125 0.6316666671875 0.2866666671875 0.65 0.30333333281249997 0.6533333328125 0.31 0.6316666671875