0 0.22327044062499998 0.055031446875 0.18238993750000002 0.0424528296875 0.1289308171875 0.0471698109375 0.1022012578125 0.06289308125000001 0.064465409375 0.11320754687500001 0.056603773437500005 0.1619496859375 0.055031446875 0.1933962265625 0.0660377359375 0.23113207500000002 0.1022012578125 0.272012578125 0.1477987421875 0.2877358484375 0.18238993750000002 0.286163521875 0.22327044062499998 0.272012578125 0.24685534531250003 0.2437106921875 0.25628930781250003 0.2405660375 0.28301886718749997 0.17924528281250002 0.28301886718749997 0.146226415625 0.26257861562499996 0.0896226421875 0.22327044062499998 0.055031446875
1 0.1446540875 0.24528301875 0.14937106875 0.2201257859375 0.14150943437500002 0.2106918234375 0.127358490625 0.21226415156249998 0.12421383593749999 0.2389937109375 0.1446540875 0.24528301875
1 0.2059748421875 0.1933962265625 0.21226415156249998 0.16981132031249999 0.204402515625 0.1603773578125 0.18238993750000002 0.1603773578125 0.17452830156250002 0.1666666671875 0.17452830156250002 0.190251571875 0.180817609375 0.19654088125 0.19654088125 0.199685534375 0.2059748421875 0.1933962265625
1 0.17767295624999999 0.1069182390625 0.16823899375 0.10377358437499999 0.1619496859375 0.108490565625 0.1572327046875 0.127358490625 0.16509433906249998 0.13364779843750002 0.1761006296875 0.132075471875 0.18238993750000002 0.12106918281250001 0.17767295624999999 0.1069182390625
0 0.44339622656250005 0.0487421390625 0.4166666671875 0.0613207546875 0.382075471875 0.0896226421875 0.35849056562500003 0.1352201265625 0.3569182390625 0.180817609375 0.377358490625 0.23113207500000002 0.430817609375 0.2798742140625 0.47955974843750004 0.286163521875 0.5251572328125 0.2751572328125 0.5660377359375001 0.2405660375 0.5896226421875 0.194968553125 0.59119496875 0.13364779843750002 0.5786163515625 0.10377358437499999 0.550314465625 0.0676100625 0.51415094375 0.0487421390625 0.44339622656250005 0.0487421390625
1 0.4481132078125 0.1289308171875 0.4323899375 0.1257861640625 0.4150943390625 0.13993710625 0.41194968593750003 0.155660378125 0.4245283015625 0.17452830156250002 0.4512578609375 0.17452830156250002 0.459119496875 0.150943396875 0.4481132078125 0.1289308171875
1 0.5204402515625 0.22484276718750001 0.518867925 0.21226415156249998 0.50471698125 0.1933962265625 0.481132075 0.1933962265625 0.46540880468749996 0.213836478125 0.468553459375 0.23584905625000002 0.48584905625 0.24685534531250003 0.5062893078124999 0.24528301875 0.5204402515625 0.22484276718750001
1 0.5031446546875 0.1383647796875 0.50471698125 0.122641509375 0.49528301875 0.1163522015625 0.4842767296875 0.1194968546875 0.487421384375 0.14150943437500002 0.5031446546875 0.1383647796875
0 0.8238993703125 0.031446540625000005 0.7924528296875 0.026729559375 0.7484276734375 0.0345911953125 0.7059748421875 0.08647798749999999 0.6918238999999999 0.1257861640625 0.68710691875 0.180817609375 0.704402515625 0.23113207500000002 0.732704403125 0.26415094375 0.7610062890625 0.2798742140625 0.7924528296875 0.2845911953125 0.8349056609375 0.2751572328125 0.8789308171875 0.2389937109375 0.9025157234375 0.1933962265625 0.90408805 0.1352201265625 0.8852201265625 0.0880503140625 0.8616352203125001 0.051886792187499996 0.8238993703125 0.031446540625000005
1 0.7342767296875 0.1430817609375 0.7389937109375 0.122641509375 0.72641509375 0.11792452812500001 0.7201257859375 0.1257861640625 0.7216981125 0.1446540875 0.7342767296875 0.1430817609375
1 0.790880503125 0.2028301890625 0.7940251578125 0.1839622640625 0.7893081765625001 0.1761006296875 0.776729559375 0.17295597499999998 0.7657232703125 0.180817609375 0.7625786156250001 0.1933962265625 0.7704402515625 0.2059748421875 0.7798742140625 0.209119496875 0.790880503125 0.2028301890625
1 0.8286163515625 0.190251571875 0.8160377359375 0.185534590625 0.8050314468750001 0.19654088125 0.80345911875 0.209119496875 0.81289308125 0.22484276718750001 0.8254716984374999 0.22484276718750001 0.8333333328125001 0.2106918234375 0.8286163515625 0.190251571875
0 0.17924528281250002 0.386792453125 0.136792453125 0.38993710625 0.0974842765625 0.41037735781249995 0.064465409375 0.44968553437500003 0.050314465625000006 0.4937106921875 0.050314465625000006 0.5440251578125 0.0660377359375 0.59119496875 0.1022012578125 0.6242138359375 0.155660378125 0.63993710625 0.20754717031249997 0.6305031453125001 0.25471698125 0.59591195 0.26729559687500004 0.577044025 0.2845911953125 0.52358490625 0.27830188749999996 0.46540880468749996 0.2515723265625 0.41823899375 0.2201257859375 0.3977987421875 0.17924528281250002 0.386792453125
1 0.19654088125 0.50471698125 0.1933962265625 0.46540880468749996 0.1761006296875 0.454402515625 0.1635220125 0.454402515625 0.1430817609375 0.468553459375 0.13364779843750002 0.5078616359375 0.15880503125 0.5204402515625 0.1839622640625 0.5204402515625 0.19654088125 0.50471698125
0 0.5566037734375 0.40880503125 0.518867925 0.38993710625 0.47169811250000004 0.38522012656250004 0.41037735781249995 0.41037735781249995 0.38522012656250004 0.4386792453125 0.367924528125 0.4905660375 0.36949685468750004 0.5440251578125 0.382075471875 0.5786163515625 0.39465408750000003 0.59591195 0.42924528281249996 0.622641509375 0.4622641515625 0.6336477984375 0.49528301875 0.6336477984375 0.5487421390625 0.61006289375 0.58176100625 0.57232704375 0.59591195 0.536163521875 0.5974842765624999 0.48270440312499996 0.5896226421875 0.44968553437500003 0.5566037734375 0.40880503125
0 0.8238993703125 0.39465408750000003 0.7704402515625 0.38993710625 0.7389937109375 0.3977987421875 0.69654088125 0.430817609375 0.6761006296875001 0.45597484218749995 0.6713836484375 0.47484276718749996 0.66823899375 0.5110062890625 0.6839622640624999 0.564465409375 0.7059748421875 0.59591195 0.7468553453125 0.6242138359375 0.7971698109375 0.632075471875 0.8349056609375 0.622641509375 0.8789308171875 0.5896226421875 0.90408805 0.540880503125 0.9072327046875 0.4905660375 0.8946540875 0.45754717031250003 0.8647798734375 0.41823899375 0.8238993703125 0.39465408750000003
0 0.1918239 0.732704403125 0.1430817609375 0.732704403125 0.1022012578125 0.7468553453125 0.059748428124999996 0.7798742140625 0.0345911953125 0.8254716984374999 0.0330188671875 0.8836477984375 0.040880503125 0.90880503125 0.07232704375 0.9559748421875 0.12106918281250001 0.98584905625 0.1635220125 0.9905660375 0.1981132078125 0.9795597484374999 0.232704403125 0.9575471703125 0.268867925 0.90880503125 0.27830188749999996 0.8380503140625001 0.26729559687500004 0.790880503125 0.22169811250000002 0.7437106921875001 0.1918239 0.732704403125
0 0.5204402515625 0.73584905625 0.487421384375 0.72641509375 0.4166666671875 0.7295597484375 0.3757861640625 0.772012578125 0.367924528125 0.8018867921874999 0.36477987343749996 0.86006289375 0.3789308171875 0.9150943390625 0.39937106875 0.9481132078125001 0.4261006296875 0.9701257859375 0.4606918234375 0.981132075 0.5125786156250001 0.97641509375 0.550314465625 0.9559748421875 0.58176100625 0.9119496859374999 0.5927672953124999 0.8616352203125001 0.5880503140625 0.8081761000000001 0.5660377359375001 0.772012578125 0.5204402515625 0.73584905625
0 0.8836477984375 0.7657232703125 0.8364779875 0.7342767296875 0.7845911953125 0.727987421875 0.74528301875 0.7405660375 0.7075471703125 0.77358490625 0.6933962265625 0.8050314468750001 0.6839622640624999 0.8349056609375 0.6839622640624999 0.8694968546874999 0.6933962265625 0.900943396875 0.7154088046875 0.9418238999999999 0.7484276734375 0.9701257859375 0.7830188671875 0.981132075 0.8396226421874999 0.9732704406250001 0.8789308171875 0.9496855343749999 0.9103773578125001 0.9025157234375 0.9166666671874999 0.8694968546874999 0.9119496859374999 0.8066037734375 0.8836477984375 0.7657232703125
1 0.8191823906250001 0.7971698109375 0.7987421390625 0.786163521875 0.7751572328125 0.8003144656250001 0.7751572328125 0.84119496875 0.790880503125 0.8506289312499999 0.8176100625 0.8474842765625 0.8286163515625 0.8176100625 0.8191823906250001 0.7971698109375
1 0.4842767296875 0.8836477984375 0.4937106921875 0.88993710625 0.52358490625 0.8867924531250001 0.5393081765625001 0.8632075468749999 0.540880503125 0.84591195 0.5345911953125 0.83176100625 0.518867925 0.8191823906250001 0.5015723265625 0.8160377359375 0.4842767296875 0.827044025 0.47641509375 0.8427672953125 0.4842767296875 0.8836477984375
1 0.15880503125 0.9213836484375 0.180817609375 0.9072327046875 0.1886792453125 0.8789308171875 0.17924528281250002 0.8522012578125 0.1635220125 0.8443396218749999 0.13364779843750002 0.84591195 0.1257861640625 0.8632075468749999 0.12421383593749999 0.896226415625 0.13364779843750002 0.9135220125 0.15880503125 0.9213836484375
1 0.1383647796875 0.7783018875 0.11006289375 0.7845911953125 0.10062893125000001 0.7924528296875 0.099056603125 0.7987421390625 0.1257861640625 0.8176100625 0.1430817609375 0.809748428125 0.1446540875 0.7893081765625001 0.1383647796875 0.7783018875
1 0.26257861562499996 0.877358490625 0.2594339625 0.853773584375 0.24685534531250003 0.8427672953125 0.213836478125 0.8427672953125 0.20125786093750003 0.8584905656249999 0.2028301890625 0.8852201265625 0.22641509375000002 0.900943396875 0.2405660375 0.8993710687500001 0.26257861562499996 0.877358490625
1 0.3930817609375 0.5078616359375 0.3930817609375 0.5471698109375 0.40880503125 0.56289308125 0.430817609375 0.564465409375 0.440251571875 0.5377358484375 0.4245283015625 0.4937106921875 0.3930817609375 0.5078616359375
1 0.52358490625 0.6069182390625001 0.550314465625 0.599056603125 0.5566037734375 0.5896226421875 0.55345911875 0.5676100625 0.526729559375 0.5471698109375 0.5094339625 0.5471698109375 0.487421384375 0.56289308125 0.48584905625 0.5896226421875 0.4937106921875 0.6022012578125 0.52358490625 0.6069182390625001
1 0.7657232703125 0.5660377359375001 0.768867925 0.5283018875 0.7578616359375 0.5204402515625 0.7342767296875 0.522012578125 0.7295597484375 0.5283018875 0.727987421875 0.5471698109375 0.7342767296875 0.56289308125 0.74528301875 0.569182390625 0.7657232703125 0.5660377359375001