0 0.034322034375 0 0 0.045762712500000004 0 0.183493 0.0355932203125 0.2237288140625 0.0847457625 0.240677965625 0.12203389843750001 0.2389830515625 0.16610169531250002 0.2237288140625 0.1915254234375 0.1932203390625 0.201694915625 0.1898305078125 0.230508475 0.1237288140625 0.230508475 0.08813559374999999 0.2084745765625 0.027118643749999997 0.17765793593749998 0 0.034322034375 0
1 0.0813559328125 0.19491525468749998 0.086440678125 0.1677966109375 0.0779661015625 0.15762711875 0.0627118640625 0.159322034375 0.059322034375 0.18813559375 0.0813559328125 0.19491525468749998
1 0.1474576265625 0.1389830515625 0.15423728750000001 0.113559321875 0.1457627125 0.10338983125000001 0.12203389843750001 0.10338983125000001 0.113559321875 0.11016949218750001 0.113559321875 0.1355932203125 0.1203389828125 0.14237288125 0.1372881359375 0.1457627125 0.1474576265625 0.1389830515625
1 0.11694915312500001 0.045762712500000004 0.10677966093749999 0.04237288125 0.1 0.0474576265625 0.09491525468749999 0.0677966109375 0.10338983125000001 0.074576271875 0.1152542375 0.07288135625 0.12203389843750001 0.061016948437499996 0.11694915312500001 0.045762712500000004
0 0.3704331453125 0 0.3372881359375 0.027118643749999997 0.31186440625 0.0762711859375 0.3101694921875 0.125423728125 0.3322033890625 0.1796610171875 0.3898305078125 0.23220338906250002 0.44237288125 0.2389830515625 0.49152542343750005 0.22711864375 0.5355932203125 0.1898305078125 0.5610169484374999 0.14067796562499998 0.5627118640625 0.074576271875 0.5491525421875 0.04237288125 0.5186440671875 0.00338983125 0.51214689375 0 0.3704331453125 0
1 0.40847457656249997 0.069491525 0.39152542343749996 0.0661016953125 0.37288135625 0.0813559328125 0.36949152500000004 0.09830508437499999 0.383050846875 0.11864406718750001 0.41186440625 0.11864406718750001 0.42033898281250004 0.0932203390625 0.40847457656249997 0.069491525
1 0.48644067812499997 0.17288135625 0.48474576249999995 0.159322034375 0.469491525 0.1389830515625 0.44406779687500003 0.1389830515625 0.42711864374999997 0.1610169484375 0.430508475 0.18474576250000002 0.4491525421875 0.19661016874999998 0.47118644062500004 0.19491525468749998 0.48644067812499997 0.17288135625
1 0.4677966109375 0.0796610171875 0.469491525 0.0627118640625 0.45932203437499997 0.055932203125 0.4474576265625 0.059322034375 0.4508474578125 0.083050846875 0.4677966109375 0.0796610171875
0 0.7058551609375 0 0.686440678125 0.0237288140625 0.671186440625 0.0661016953125 0.6661016953125001 0.125423728125 0.6847457625 0.1796610171875 0.7152542375000001 0.2152542375 0.7457627125 0.23220338906250002 0.7796610171875 0.2372881359375 0.8254237281249999 0.22711864375 0.87288135625 0.18813559375 0.898305084375 0.1389830515625 0.9 0.0762711859375 0.8796610171875001 0.025423728125 0.8630803234375 0 0.7058551609375 0
1 0.7169491531250001 0.0847457625 0.7220338984375 0.0627118640625 0.7084745765625 0.05762711875 0.701694915625 0.0661016953125 0.70338983125 0.086440678125 0.7169491531250001 0.0847457625
1 0.7779661015625 0.14915254218750001 0.7813559328124999 0.128813559375 0.7762711859375 0.1203389828125 0.7627118640624999 0.11694915312500001 0.7508474578125 0.125423728125 0.7474576265625 0.1389830515625 0.755932203125 0.1525423734375 0.7661016953125 0.155932203125 0.7779661015625 0.14915254218750001
1 0.8186440671874999 0.1355932203125 0.8050847453125 0.130508475 0.7932203390625 0.14237288125 0.7915254234375 0.155932203125 0.801694915625 0.17288135625 0.8152542374999999 0.17288135625 0.8237288140624999 0.15762711875 0.8186440671874999 0.1355932203125
0 0 0.5708916734375 0.0355932203125 0.60338983125 0.0932203390625 0.6203389828125 0.14915254218750001 0.6101694921874999 0.2 0.57288135625 0.21355932187499999 0.5525423734375 0.23220338906250002 0.49491525468750003 0.225423728125 0.4322033890625 0.19661016874999998 0.3813559328125 0.1627118640625 0.359322034375 0.11864406718750001 0.3474576265625 0.07288135625 0.3508474578125 0.030508475 0.37288135625 0 0.4092009671875 0 0.5708916734375
1 0.1372881359375 0.474576271875 0.1338983046875 0.4322033890625 0.1152542375 0.42033898281250004 0.10169491562499999 0.42033898281250004 0.0796610171875 0.4355932203125 0.069491525 0.47796610156249997 0.09661016875 0.49152542343750005 0.1237288140625 0.49152542343750005 0.1372881359375 0.474576271875
0 0.525423728125 0.371186440625 0.48474576249999995 0.3508474578125 0.43389830468749996 0.3457627125 0.3677966109375 0.37288135625 0.34067796562499997 0.40338983125 0.3220338984375 0.45932203437499997 0.3237288140625 0.516949153125 0.3372881359375 0.5542372875 0.3508474578125 0.57288135625 0.38813559375 0.601694915625 0.4237288140625 0.6135593218750001 0.45932203437499997 0.6135593218750001 0.516949153125 0.58813559375 0.5525423734375 0.5474576265625 0.5677966109375 0.5084745765625 0.569491525 0.4508474578125 0.5610169484374999 0.4152542375 0.525423728125 0.371186440625
0 0.8135593218749999 0.35593220312499996 0.755932203125 0.3508474578125 0.7220338984375 0.359322034375 0.6762711859375 0.3949152546875 0.6542372875 0.4220338984375 0.6491525421875 0.44237288125 0.6457627125000001 0.4813559328125 0.6627118640624999 0.5389830515625 0.686440678125 0.57288135625 0.7305084749999999 0.60338983125 0.7847457624999999 0.6118644062499999 0.8254237281249999 0.601694915625 0.87288135625 0.5661016953125 0.9 0.5135593218750001 0.9033898312499999 0.45932203437499997 0.8898305078125001 0.4237288140625 0.85762711875 0.3813559328125 0.8135593218749999 0.35593220312499996
0 0 0.9559322031249999 0.00338983125 0.9610169484375 0.055932203125 0.9932203390625001 0.10169491562499999 0.998305084375 0.1389830515625 0.986440678125 0.1762711859375 0.9627118640625 0.2152542375 0.9101694921875 0.225423728125 0.8338983046875 0.21355932187499999 0.7830508468749999 0.1644067796875 0.7322033890624999 0.1322033890625 0.7203389828125 0.0796610171875 0.7203389828125 0.0355932203125 0.7355932203125 0 0.7632768359375001 0 0.9559322031249999
0 0.48644067812499997 0.7237288140625 0.4508474578125 0.713559321875 0.374576271875 0.7169491531250001 0.33050847499999997 0.7627118640624999 0.3220338984375 0.7949152546875 0.3186440671875 0.85762711875 0.33389830468750004 0.9169491531249999 0.35593220312499996 0.9525423734375 0.38474576250000003 0.9762711859375001 0.4220338984375 0.98813559375 0.47796610156249997 0.9830508468750001 0.5186440671875 0.9610169484375 0.5525423734375 0.913559321875 0.5644067796875001 0.859322034375 0.5593220343749999 0.801694915625 0.5355932203125 0.7627118640624999 0.48644067812499997 0.7237288140625
0 0.8779661015625001 0.755932203125 0.8271186437500001 0.7220338984375 0.771186440625 0.7152542375000001 0.728813559375 0.728813559375 0.68813559375 0.7644067796875 0.67288135625 0.798305084375 0.6627118640624999 0.830508475 0.6627118640624999 0.8677966109374999 0.67288135625 0.901694915625 0.69661016875 0.9457627125 0.7322033890624999 0.9762711859375001 0.7694915250000001 0.98813559375 0.830508475 0.9796610171875001 0.87288135625 0.9542372875 0.9067796609375 0.9033898312499999 0.913559321875 0.8677966109374999 0.9084745765625 0.8 0.8779661015625001 0.755932203125
1 0.8084745765625 0.7898305078125001 0.786440678125 0.7779661015625 0.7610169484375 0.7932203390625 0.7610169484375 0.8372881359375001 0.7779661015625 0.8474576265625 0.8067796609375 0.844067796875 0.8186440671874999 0.81186440625 0.8084745765625 0.7898305078125001
1 0.4474576265625 0.883050846875 0.45762711874999995 0.8898305078125001 0.48983050781250004 0.886440678125 0.5067796609374999 0.8610169484375 0.5084745765625 0.84237288125 0.501694915625 0.8271186437500001 0.48474576249999995 0.8135593218749999 0.4661016953125 0.8101694921875 0.4474576265625 0.8220338984375 0.43898305156250006 0.8389830515625001 0.4474576265625 0.883050846875
1 0.09661016875 0.9237288140625 0.1203389828125 0.9084745765625 0.128813559375 0.8779661015625001 0.11864406718750001 0.8491525421875 0.10169491562499999 0.8406779656250001 0.069491525 0.84237288125 0.061016948437499996 0.8610169484375 0.059322034375 0.89661016875 0.069491525 0.9152542374999999 0.09661016875 0.9237288140625
1 0.074576271875 0.7694915250000001 0.044067796874999995 0.7762711859375 0.033898304687500005 0.7847457624999999 0.0322033890625 0.7915254234375 0.061016948437499996 0.81186440625 0.0796610171875 0.80338983125 0.0813559328125 0.7813559328124999 0.074576271875 0.7694915250000001
1 0.2084745765625 0.8762711859375001 0.20508474531249998 0.8508474578125 0.1915254234375 0.8389830515625001 0.155932203125 0.8389830515625001 0.14237288125 0.855932203125 0.144067796875 0.8847457625 0.169491525 0.901694915625 0.18474576250000002 0.9 0.2084745765625 0.8762711859375001
1 0.3491525421875 0.47796610156249997 0.3491525421875 0.5203389828125 0.3661016953125 0.5372881359375 0.3898305078125 0.5389830515625 0.4 0.5101694921875 0.383050846875 0.4627118640625 0.3491525421875 0.47796610156249997
1 0.48983050781250004 0.5847457625 0.5186440671875 0.5762711859375 0.525423728125 0.5661016953125 0.5220338984375 0.54237288125 0.4932203390625 0.5203389828125 0.474576271875 0.5203389828125 0.4508474578125 0.5372881359375 0.4491525421875 0.5661016953125 0.45762711874999995 0.5796610171875 0.48983050781250004 0.5847457625
1 0.7508474578125 0.540677965625 0.7542372875 0.5 0.74237288125 0.49152542343750005 0.7169491531250001 0.4932203390625 0.7118644062499999 0.5 0.7101694921874999 0.5203389828125 0.7169491531250001 0.5372881359375 0.728813559375 0.5440677968750001 0.7508474578125 0.540677965625