0 0.00515334375 0 0.0016339875000000001 0.0114379078125 0 0.0359477125 0 1 1 1 1 0 0.00515334375 0
0 0 0 0 0.973856209375 0.008169934375 0.9983660125 0.009803921875 1 1 1 1 0 0 0
0 0.15228758125 0 0.1209150328125 0.0065359484374999995 0.045751634375 0.014705882812500001 0.026143790625000003 0.0114379078125 0.013071895312500002 0.027777778125000003 0.014705882812500001 0.114379084375 0.0049019609375 0.12254902031249999 0.008169934375 0.12745097968750002 0 0.13970588281250002 0 0.8529411765624999 0.0049019609375 0.8692810453125001 0.0065359484374999995 0.9264705875000001 0.021241829687499998 0.9869281046875 0.0392156859375 0.9934640515625001 0.062091503125 0.9901960781250001 0.0735294125 1 0.080065359375 0.98202614375 0.10620915 0.9771241828124999 0.134803921875 1 1 1 1 0.00392156875 0.98039215625 0 0.15228758125 0
1 0.349673203125 0.55392156875 0.259803921875 0.560457515625 0.222222221875 0.5735294125 0.1764705875 0.5996732031249999 0.16176470625 0.6274509796875 0.16013071875 0.65849673125 0.187908496875 0.740196078125 0.2205882359375 0.7859477125 0.2794117640625 0.8055555562500001 0.37418300625 0.8088235296875 0.4166666671875 0.8169934640625 0.44281045781249995 0.812091503125 0.6029411765625 0.6094771234375 0.616013071875 0.5653594765625 0.614379084375 0.5408496734375 0.6045751640625 0.5228758171875 0.58986928125 0.508169934375 0.562091503125 0.49509803906250005 0.5147058828125 0.49509803906250005 0.40849673124999997 0.542483659375 0.349673203125 0.55392156875
1 0.3186274515625 0.1748366015625 0.294117646875 0.186274509375 0.2892156859375 0.1993464046875 0.27450980468749997 0.2107843140625 0.2630718953125 0.2467320265625 0.2614379078125 0.367647059375 0.27777777812500004 0.4150326796875 0.2712418296875 0.491830065625 0.30555555624999997 0.5049019609375 0.3513071890625 0.5065359484374999 0.383986928125 0.49509803906250005 0.383986928125 0.44771241875 0.3905228765625 0.42973856250000003 0.44771241875 0.3790849671875 0.44607843125 0.3529411765625 0.4166666671875 0.2859477125 0.4166666671875 0.23039215624999998 0.4068627453125 0.20588235312499997 0.3888888890625 0.187908496875 0.3431372546875 0.17320261406249998 0.3186274515625 0.1748366015625
1 0.581699346875 0.6944444437499999 0.5849673203125 0.73366013125 0.6045751640625 0.758169934375 0.653594771875 0.8039215687500001 0.7107843140625 0.8333333328125001 0.7450980390625 0.8333333328125001 0.8333333328125001 0.8055555562500001 0.8594771234374999 0.7794117640625 0.87418300625 0.7483660125 0.8692810453125001 0.6944444437499999 0.7892156859375 0.5866013078125001 0.7745098046875001 0.5735294125 0.7483660125 0.5669934640625 0.6911764703125 0.580065359375 0.6486928109375001 0.6045751640625 0.58823529375 0.669934640625 0.581699346875 0.6944444437499999
1 0.7614379078125 0.16993464062500002 0.6732026140625 0.15849673125 0.6176470593750001 0.171568628125 0.6045751640625 0.18464052343749998 0.5866013078125001 0.186274509375 0.5669934640625 0.2026143796875 0.5310457515625 0.20424836562499998 0.526143790625 0.2173202609375 0.51797385625 0.2205882359375 0.5130718953125 0.2647058828125 0.51960784375 0.2973856203125 0.55228758125 0.31535947656249996 0.55392156875 0.3349673203125 0.5931372546875 0.37254902031250003 0.60620915 0.37254902031250003 0.689542484375 0.4068627453125 0.7205882359375 0.44281045781249995 0.7385620921875 0.49346405156250006 0.7565359484374999 0.509803921875 0.777777778125 0.5114379078125 0.8088235296875 0.491830065625 0.810457515625 0.47385620937499995 0.7973856203125 0.454248365625 0.7892156859375 0.41830065312500003 0.8088235296875 0.383986928125 0.846405228125 0.3529411765625 0.8676470593750001 0.321895425 0.8660130718750001 0.2712418296875 0.83986928125 0.20098039218750002 0.8349673203125001 0.1666666671875 0.7614379078125 0.16993464062500002
1 0.8513071890624999 0.545751634375 0.8235294124999999 0.544117646875 0.8088235296875 0.562091503125 0.812091503125 0.580065359375 0.8267973859375 0.5947712421875 0.8431372546875 0.596405228125 0.8611111109375 0.5866013078125001 0.8660130718750001 0.5653594765625 0.8513071890624999 0.545751634375
1 0.5490196078125 0.7712418296875 0.5294117640625 0.7712418296875 0.5147058828125 0.784313725 0.5147058828125 0.8088235296875 0.5212418296875 0.8186274515624999 0.545751634375 0.8235294124999999 0.560457515625 0.813725490625 0.562091503125 0.7859477125 0.5490196078125 0.7712418296875
1 0.46405228750000005 0.168300653125 0.436274509375 0.168300653125 0.4166666671875 0.187908496875 0.419934640625 0.2205882359375 0.44281045781249995 0.23856209218750002 0.46405228750000005 0.23692810468749997 0.4852941171875 0.2124183 0.48366013125 0.186274509375 0.46405228750000005 0.168300653125
1 0.48039215625000004 0.4705882359375 0.46241830000000006 0.4689542484375 0.44934640468750003 0.4787581703125 0.44607843125 0.49346405156250006 0.4591503265625 0.5049019609375 0.47222222187499996 0.5065359484374999 0.4869281046875 0.4983660125 0.48856209218749996 0.48202614375 0.48039215625000004 0.4705882359375
1 0.5735294125 0.4232026140625 0.545751634375 0.419934640625 0.5310457515625 0.43300653593750005 0.5310457515625 0.4607843140625 0.544117646875 0.47222222187499996 0.563725490625 0.47385620937499995 0.580065359375 0.46405228750000005 0.5849673203125 0.436274509375 0.5735294125 0.4232026140625
1 0.2434640515625 0.187908496875 0.23856209218750002 0.2026143796875 0.2483660125 0.2140522875 0.259803921875 0.215686275 0.26960784375 0.20915032656250002 0.26797385625 0.186274509375 0.2516339875 0.1830065359375 0.2434640515625 0.187908496875
1 0.8823529406249999 0.46568627500000004 0.8676470593750001 0.4607843140625 0.8447712421875 0.46568627500000004 0.83986928125 0.490196078125 0.846405228125 0.4983660125 0.8725490203125 0.5 0.8807189546874999 0.49509803906250005 0.8856209156249999 0.4869281046875 0.8823529406249999 0.46568627500000004
1 0.48366013125 0.2434640515625 0.4607843140625 0.2434640515625 0.44771241875 0.2516339875 0.44281045781249995 0.276143790625 0.455882353125 0.292483659375 0.48039215625000004 0.294117646875 0.49509803906250005 0.28431372499999996 0.4983660125 0.2630718953125 0.48366013125 0.2434640515625
1 0.5147058828125 0.1764705875 0.51633986875 0.1797385625 0.51797385625 0.1797385625 0.5228758171875 0.18464052343749998 0.526143790625 0.186274509375 0.5326797390625 0.186274509375 0.544117646875 0.1813725484375 0.545751634375 0.1764705875 0.545751634375 0.15849673125 0.5408496734375 0.15359477187499998 0.5359477125 0.151960784375 0.526143790625 0.151960784375 0.5212418296875 0.15359477187499998 0.5147058828125 0.16013071875 0.5130718953125 0.1633986921875 0.5147058828125 0.1764705875
1 0.6323529406249999 0.5114379078125 0.6372549015625 0.5065359484374999 0.6372549015625 0.49346405156250006 0.6323529406249999 0.490196078125 0.6225490203125 0.490196078125 0.616013071875 0.4983660125 0.616013071875 0.5065359484374999 0.6225490203125 0.5130718953125 0.6290849671875 0.5130718953125 0.6323529406249999 0.5114379078125
1 0.66013071875 0.48366013125 0.653594771875 0.48366013125 0.6470588234375 0.48856209218749996 0.6454248359375 0.49509803906250005 0.6503267968750001 0.5016339875 0.6568627453125 0.5032679734375 0.6633986921874999 0.4983660125 0.6650326796875 0.490196078125 0.66013071875 0.48366013125
1 0.6633986921874999 0.5702614374999999 0.669934640625 0.5653594765625 0.669934640625 0.55392156875 0.668300653125 0.5506535953125 0.6552287578125 0.5506535953125 0.651960784375 0.55392156875 0.651960784375 0.5588235296875 0.6503267968750001 0.562091503125 0.653594771875 0.5686274515624999 0.6552287578125 0.5702614374999999 0.6633986921874999 0.5702614374999999
1 0.6732026140625 0.563725490625 0.6764705875 0.5669934640625 0.6846405234375 0.5669934640625 0.687908496875 0.5653594765625 0.6911764703125 0.562091503125 0.6911764703125 0.55228758125 0.689542484375 0.5506535953125 0.6846405234375 0.5506535953125 0.6830065359375 0.5490196078125 0.6797385625000001 0.5506535953125 0.6748366015625 0.5506535953125 0.6732026140625 0.55392156875 0.6732026140625 0.563725490625
1 0.8594771234374999 0.43137254843750006 0.8725490203125 0.43300653593750005 0.8823529406249999 0.4264705875 0.8774509796875 0.4052287578125 0.85620915 0.40849673124999997 0.8529411765624999 0.4232026140625 0.8594771234374999 0.43137254843750006
1 0.8594771234374999 0.168300653125 0.8545751640624999 0.1797385625 0.8676470593750001 0.19607843125 0.8790849671875 0.19607843125 0.8872549015625 0.187908496875 0.8872549015625 0.16993464062500002 0.87418300625 0.15849673125 0.8594771234374999 0.168300653125
1 0.8954248359375001 0.20424836562499998 0.8774509796875 0.20751634062500002 0.87581699375 0.2173202609375 0.8823529406249999 0.223856209375 0.8954248359375001 0.222222221875 0.8954248359375001 0.20424836562499998
1 0.223856209375 0.830065359375 0.241830065625 0.831699346875 0.2467320265625 0.812091503125 0.22875817031249998 0.8088235296875 0.223856209375 0.830065359375
1 0.19771241875 0.8235294124999999 0.2173202609375 0.8218954249999999 0.215686275 0.8039215687500001 0.19771241875 0.8039215687500001 0.19771241875 0.8235294124999999
1 0.2189542484375 0.4166666671875 0.222222221875 0.4150326796875 0.222222221875 0.41339869218749997 0.2254901953125 0.41013071874999996 0.2254901953125 0.3970588234375 0.223856209375 0.3954248359375 0.2140522875 0.3954248359375 0.20588235312499997 0.40359477187500004 0.20588235312499997 0.41176470624999995 0.2107843140625 0.4166666671875 0.2189542484375 0.4166666671875
1 0.215686275 0.3333333328125 0.2205882359375 0.328431371875 0.222222221875 0.321895425 0.2173202609375 0.31535947656249996 0.20751634062500002 0.31535947656249996 0.20424836562499998 0.3169934640625 0.2026143796875 0.3202614375 0.2026143796875 0.32516339843750003 0.20424836562499998 0.328431371875 0.20915032656250002 0.3333333328125 0.215686275 0.3333333328125
1 0.2107843140625 0.30555555624999997 0.2173202609375 0.30555555624999997 0.223856209375 0.30228758125 0.2254901953125 0.2990196078125 0.2254901953125 0.294117646875 0.222222221875 0.2908496734375 0.2173202609375 0.2892156859375 0.20751634062500002 0.292483659375 0.20588235312499997 0.294117646875 0.20588235312499997 0.30228758125 0.20751634062500002 0.30392156875 0.2107843140625 0.30555555624999997
1 0.4166666671875 0.48202614375 0.421568628125 0.48856209218749996 0.42483660156249997 0.490196078125 0.43137254843750006 0.490196078125 0.436274509375 0.48856209218749996 0.439542484375 0.48202614375 0.439542484375 0.4771241828125 0.437908496875 0.47385620937499995 0.43300653593750005 0.4705882359375 0.42483660156249997 0.4705882359375 0.421568628125 0.47385620937499995 0.419934640625 0.47385620937499995 0.4166666671875 0.4771241828125 0.4166666671875 0.48202614375
1 0.3888888890625 0.5375816999999999 0.39379084999999997 0.534313725 0.3954248359375 0.5310457515625 0.3954248359375 0.526143790625 0.3905228765625 0.5212418296875 0.383986928125 0.51960784375 0.3807189546875 0.5212418296875 0.37581699375 0.527777778125 0.37745097968749997 0.534313725 0.3807189546875 0.5375816999999999 0.3888888890625 0.5375816999999999
1 0.87418300625 0.8333333328125001 0.8823529406249999 0.8333333328125001 0.8872549015625 0.830065359375 0.8921568625 0.8202614374999999 0.8905228765625001 0.8153594765625 0.8872549015625 0.812091503125 0.8774509796875 0.812091503125 0.8709150328125 0.8169934640625 0.8692810453125001 0.8202614374999999 0.8692810453125001 0.8251633984375 0.8725490203125 0.831699346875 0.87418300625 0.8333333328125001
1 0.831699346875 0.8496732031249999 0.8333333328125001 0.8513071890624999 0.8349673203125001 0.8496732031249999 0.83986928125 0.8496732031249999 0.8431372546875 0.84150326875 0.8431372546875 0.8366013078125001 0.83986928125 0.830065359375 0.831699346875 0.830065359375 0.8251633984375 0.8349673203125001 0.8251633984375 0.848039215625 0.8267973859375 0.8496732031249999 0.831699346875 0.8496732031249999
1 0.571895425 0.1797385625 0.571895425 0.1748366015625 0.5702614374999999 0.171568628125 0.5686274515624999 0.16993464062500002 0.5555555562500001 0.16993464062500002 0.55392156875 0.171568628125 0.55392156875 0.18464052343749998 0.5571895421875 0.187908496875 0.5653594765625 0.187908496875 0.571895425 0.1797385625