0 0 0 0 1 0.9871382640625 1 0.9967845656250001 0.9951768484375 1 0.9847266875 1 0 0 0
0 0 0 0 1 1 1 1 0.012861735937499999 0.9967845656250001 0.0032154343750000003 0.9935691312499999 0 0 0
0 0.07073955 0 0 0.001414790625 0 0.9774919609375001 0.06430868125 0.9903536984375 0.076366559375 1 0.1979788703125 1 0.21864951718749998 0.9951768484375 0.2652733125 1 0.273311896875 0.9919614140625 0.28792750625 1 0.5723472671875001 1 0.74115755625 1 0.8444087171874999 1 0.84726688125 0.9871382640625 0.885852090625 0.979099678125 0.9598070734374999 0.97106109375 0.979099678125 0.9742765265625 0.9919614140625 0.95819935625 0.9903536984375 0.8729903531250001 1 0.8649517687499999 0.9967845656250001 0.8601286171875 1 0.855305465625 1 0.1302250796875 0.9983922828124999 0.073954984375 0.9839228296875 0.014469453125 0.9662379421875 0.008038585937499999 0.9437299031249999 0.01125401875 0.9324758843750001 0.0016077171875000002 0.926045015625 0.0192926046875 0.90032154375 0.024115756250000002 0.8701768484375 0 0.07073955 0
1 0.6607717046875 0.44051446875 0.7491961421875 0.43408360156250003 0.7861736328125 0.421221865625 0.8311897109374999 0.3954983921875 0.8456591640625 0.368167203125 0.84726688125 0.337620578125 0.8199356906249999 0.2572347265625 0.78778135 0.21221865 0.7299035375 0.1929260453125 0.6366559484375001 0.1897106109375 0.5948553046875 0.181672025 0.5691318328125 0.1864951765625 0.41157556250000005 0.385852090625 0.3987138265625 0.42926045 0.40032154374999995 0.45337620625 0.40996784531249997 0.47106109375000005 0.42443729843750005 0.485530546875 0.45176848906249994 0.49839228281250003 0.49839228281250003 0.49839228281250003 0.602893890625 0.45176848906249994 0.6607717046875 0.44051446875
1 0.691318328125 0.8135048234375001 0.715434084375 0.802250803125 0.720257234375 0.7893890671875 0.7347266875 0.7781350484375 0.7459807078125 0.7427652734375 0.747588425 0.6237942125 0.7315112546875 0.57717041875 0.737942121875 0.5016077171875 0.7041800640625 0.48874598125 0.6591639875 0.4871382640625 0.627009646875 0.49839228281250003 0.627009646875 0.5450160765625001 0.620578778125 0.5627009640625 0.56430868125 0.6125401921875 0.5659163984375 0.638263665625 0.5948553046875 0.7041800640625 0.5948553046875 0.75884244375 0.6045016078125001 0.7829582 0.6221864953125 0.8006430874999999 0.667202571875 0.8151125406249999 0.691318328125 0.8135048234375001
1 0.43247588437499995 0.302250803125 0.42926045 0.2636655953125 0.40996784531249997 0.2395498390625 0.361736334375 0.1945337625 0.3054662375 0.1655948546875 0.2717041796875 0.1655948546875 0.184887459375 0.1929260453125 0.1591639875 0.21864951718749998 0.144694534375 0.24919614218750002 0.149517684375 0.302250803125 0.2282958203125 0.408360128125 0.2427652734375 0.421221865625 0.2684887453125 0.4276527328125 0.3247588421875 0.414790996875 0.3665594859375 0.390675240625 0.426045015625 0.326366559375 0.43247588437499995 0.302250803125
1 0.255627009375 0.8183279750000001 0.3424437296875 0.82958199375 0.397106109375 0.8167202578125 0.40996784531249997 0.8038585203125 0.4276527328125 0.802250803125 0.4469453375 0.7861736328125 0.4823151125 0.784565915625 0.4871382640625 0.7717041796874999 0.4951768484375 0.7684887453125 0.5 0.7250803859375 0.49356913125 0.6929260453125 0.461414790625 0.6752411578124999 0.4598070734375 0.655948553125 0.421221865625 0.6189710609375 0.408360128125 0.6189710609375 0.326366559375 0.585209003125 0.2958199359375 0.549839228125 0.2781350484375 0.5 0.2604501609375 0.48392282968749994 0.2395498390625 0.4823151125 0.209003215625 0.5016077171875 0.2073954984375 0.5192926046874999 0.220257234375 0.538585209375 0.2282958203125 0.573954984375 0.209003215625 0.6077170421875 0.1720257234375 0.638263665625 0.1511254015625 0.6688102890625001 0.15273311875 0.7186495171875 0.1784565921875 0.78778135 0.1832797421875 0.8215434078125 0.255627009375 0.8183279750000001
1 0.167202571875 0.4485530546875 0.1945337625 0.450160771875 0.209003215625 0.43247588437499995 0.20578778125000002 0.414790996875 0.191318328125 0.40032154374999995 0.1752411578125 0.3987138265625 0.1575562703125 0.408360128125 0.15273311875 0.42926045 0.167202571875 0.4485530546875
1 0.46463022499999995 0.226688103125 0.48392282968749994 0.226688103125 0.49839228281250003 0.21382636718749998 0.49839228281250003 0.1897106109375 0.4919614140625 0.180064309375 0.467845659375 0.1752411578125 0.45337620625 0.184887459375 0.45176848906249994 0.21221865 0.46463022499999995 0.226688103125
1 0.5482315109375 0.8199356906249999 0.5755627015625 0.8199356906249999 0.5948553046875 0.8006430874999999 0.591639871875 0.7684887453125 0.5691318328125 0.7508038578125 0.5482315109375 0.752411575 0.5273311890625 0.77652733125 0.52893890625 0.802250803125 0.5482315109375 0.8199356906249999
1 0.532154340625 0.5225080390625 0.549839228125 0.52411575625 0.5627009640625 0.514469453125 0.5659163984375 0.5 0.5530546625 0.48874598125 0.5401929265625001 0.4871382640625 0.5257234734375 0.4951768484375 0.52411575625 0.51125401875 0.532154340625 0.5225080390625
1 0.44051446875 0.5691318328125 0.467845659375 0.5723472671875001 0.4823151125 0.55948553125 0.4823151125 0.532154340625 0.46945337656249997 0.520900321875 0.450160771875 0.5192926046874999 0.43408360156250003 0.52893890625 0.42926045 0.556270096875 0.44051446875 0.5691318328125
1 0.7652733125 0.8006430874999999 0.7700964625 0.7861736328125 0.7604501609375001 0.7749196140625 0.7491961421875 0.773311896875 0.7395498390624999 0.779742765625 0.74115755625 0.802250803125 0.7572347265625 0.8054662374999999 0.7652733125 0.8006430874999999
1 0.1366559484375 0.5273311890625 0.1511254015625 0.532154340625 0.173633440625 0.5273311890625 0.1784565921875 0.503215434375 0.1720257234375 0.4951768484375 0.1463022515625 0.49356913125 0.138263665625 0.49839228281250003 0.1334405140625 0.50643086875 0.1366559484375 0.5273311890625
1 0.52893890625 0.7459807078125 0.5514469453124999 0.7459807078125 0.56430868125 0.737942121875 0.5691318328125 0.7138263671875 0.556270096875 0.697749196875 0.532154340625 0.6961414796875001 0.5176848875 0.70578778125 0.514469453125 0.726688103125 0.52893890625 0.7459807078125
1 0.49839228281250003 0.81189710625 0.49678456562499995 0.8086816718750001 0.4951768484375 0.8086816718750001 0.4903536984375 0.8038585203125 0.4871382640625 0.802250803125 0.4807073953125 0.802250803125 0.46945337656249997 0.8070739546875 0.467845659375 0.81189710625 0.467845659375 0.82958199375 0.4726688109375 0.8344051453124999 0.4774919609375 0.8360128625 0.4871382640625 0.8360128625 0.4919614140625 0.8344051453124999 0.49839228281250003 0.8279742765625 0.5 0.8247588421875 0.49839228281250003 0.81189710625
1 0.38263665625 0.4823151125 0.3778135046875 0.4871382640625 0.3778135046875 0.5 0.38263665625 0.503215434375 0.3922829578125 0.503215434375 0.3987138265625 0.4951768484375 0.3987138265625 0.4871382640625 0.3922829578125 0.4807073953125 0.385852090625 0.4807073953125 0.38263665625 0.4823151125
1 0.355305465625 0.5096463015625 0.361736334375 0.5096463015625 0.368167203125 0.5048231515625 0.3697749203125 0.49839228281250003 0.36495176875 0.4919614140625 0.3585209 0.4903536984375 0.3520900328125 0.4951768484375 0.350482315625 0.503215434375 0.355305465625 0.5096463015625
1 0.3520900328125 0.42443729843750005 0.3456591640625 0.42926045 0.3456591640625 0.44051446875 0.34726688125 0.44372990312500005 0.3601286171875 0.44372990312500005 0.3633440515625 0.44051446875 0.3633440515625 0.43569131875 0.36495176875 0.43247588437499995 0.361736334375 0.426045015625 0.3601286171875 0.42443729843750005 0.3520900328125 0.42443729843750005
1 0.3424437296875 0.4308681671875 0.3392282953125 0.4276527328125 0.3311897109375 0.4276527328125 0.3279742765625 0.42926045 0.3247588421875 0.43247588437499995 0.3247588421875 0.44212218593749997 0.326366559375 0.44372990312500005 0.3311897109375 0.44372990312500005 0.332797428125 0.4453376203125 0.3360128625 0.44372990312500005 0.3408360125 0.44372990312500005 0.3424437296875 0.44051446875 0.3424437296875 0.4308681671875
1 0.1591639875 0.561093246875 0.1463022515625 0.55948553125 0.1366559484375 0.5659163984375 0.1414791 0.5868167203125 0.162379421875 0.5836012859374999 0.1655948546875 0.5691318328125 0.1591639875 0.561093246875
1 0.1591639875 0.8199356906249999 0.1639871375 0.8086816718750001 0.1511254015625 0.7926045015625001 0.1398713828125 0.7926045015625001 0.131832796875 0.8006430874999999 0.131832796875 0.8183279750000001 0.144694534375 0.82958199375 0.1591639875 0.8199356906249999
1 0.1237942125 0.784565915625 0.1414791 0.7813504828125 0.1430868171875 0.7717041796874999 0.1366559484375 0.7652733125 0.1237942125 0.7668810296874999 0.1237942125 0.784565915625
1 0.784565915625 0.1688102890625 0.7668810296874999 0.167202571875 0.762057878125 0.1864951765625 0.779742765625 0.1897106109375 0.784565915625 0.1688102890625
1 0.8102893890624999 0.1752411578125 0.790996784375 0.176848875 0.7926045015625001 0.1945337625 0.8102893890624999 0.1945337625 0.8102893890624999 0.1752411578125
1 0.7893890671875 0.5755627015625 0.7861736328125 0.57717041875 0.7861736328125 0.578778134375 0.7829582 0.58199356875 0.7829582 0.5948553046875 0.784565915625 0.596463021875 0.79421221875 0.596463021875 0.802250803125 0.5884244375 0.802250803125 0.5803858515625 0.797427653125 0.5755627015625 0.7893890671875 0.5755627015625
1 0.7926045015625001 0.6575562703125 0.78778135 0.662379421875 0.7861736328125 0.6688102890625001 0.790996784375 0.6752411578124999 0.8006430874999999 0.6752411578124999 0.8038585203125 0.673633440625 0.8054662374999999 0.67041800625 0.8054662374999999 0.6655948546875 0.8038585203125 0.662379421875 0.7990353703124999 0.6575562703125 0.7926045015625001 0.6575562703125
1 0.797427653125 0.684887459375 0.790996784375 0.684887459375 0.784565915625 0.68810289375 0.7829582 0.691318328125 0.7829582 0.6961414796875001 0.7861736328125 0.6993569125 0.790996784375 0.7009646296875001 0.8006430874999999 0.697749196875 0.802250803125 0.6961414796875001 0.802250803125 0.68810289375 0.8006430874999999 0.6864951765625 0.797427653125 0.684887459375
1 0.5948553046875 0.51125401875 0.5900321546875 0.5048231515625 0.5868167203125 0.503215434375 0.5803858515625 0.503215434375 0.5755627015625 0.5048231515625 0.5723472671875001 0.51125401875 0.5723472671875001 0.5160771703125 0.573954984375 0.5192926046874999 0.578778134375 0.5225080390625 0.5868167203125 0.5225080390625 0.5900321546875 0.5192926046874999 0.591639871875 0.5192926046874999 0.5948553046875 0.5160771703125 0.5948553046875 0.51125401875
1 0.6221864953125 0.456591640625 0.61736334375 0.4598070734375 0.6157556265624999 0.4630225078125 0.6157556265624999 0.467845659375 0.620578778125 0.4726688109375 0.627009646875 0.47427652656249997 0.6302250796875 0.4726688109375 0.63504823125 0.46623794218750003 0.6334405140625 0.4598070734375 0.6302250796875 0.456591640625 0.6221864953125 0.456591640625
1 0.144694534375 0.1655948546875 0.1366559484375 0.1655948546875 0.131832796875 0.1688102890625 0.127009646875 0.1784565921875 0.1286173640625 0.1832797421875 0.131832796875 0.1864951765625 0.1414791 0.1864951765625 0.1479099671875 0.181672025 0.149517684375 0.1784565921875 0.149517684375 0.173633440625 0.1463022515625 0.167202571875 0.144694534375 0.1655948546875
1 0.1864951765625 0.149517684375 0.184887459375 0.1479099671875 0.1832797421875 0.149517684375 0.1784565921875 0.149517684375 0.1752411578125 0.1575562703125 0.1752411578125 0.162379421875 0.1784565921875 0.1688102890625 0.1864951765625 0.1688102890625 0.1929260453125 0.1639871375 0.1929260453125 0.1511254015625 0.191318328125 0.149517684375 0.1864951765625 0.149517684375
1 0.44212218593749997 0.8086816718750001 0.44212218593749997 0.8135048234375001 0.44372990312500005 0.8167202578125 0.4453376203125 0.8183279750000001 0.45819935625 0.8183279750000001 0.4598070734375 0.8167202578125 0.4598070734375 0.8038585203125 0.456591640625 0.8006430874999999 0.4485530546875 0.8006430874999999 0.44212218593749997 0.8086816718750001