0 1 0.19032258124999998 0.995161290625 0.1725806453125 1 0.04032258125 0.754838709375 0.0354838703125 0.2693548390625 0.04032258125 0.2274193546875 0.0709677421875 0.2145161296875 0.09677419375 0.1806451609375 0.0822580640625 0.1645161296875 0.0822580640625 0.15806451562499998 0.088709678125 0.1322580640625 0.0822580640625 0.1290322578125 0.0870967734375 0.0838709671875 0.0838709671875 0.0741935484375 0.088709678125 0.0016129031249999999 0.0822580640625 0 0.0824193546875 0 0.7264006796875 0.0274193546875 0.745161290625 0.0274193546875 0.758064515625 0.048387096875 0.7564516125 0.05 0.7629032265625 0.048387096875 0.7758064515624999 0.0306451609375 0.79032258125 0 0.788709678125 0 0.86282258125 0.0016129031249999999 0.8629032265625 0.004838709375 0.8677419359374999 0 0.8983870968750001 0.004838709375 0.95 0.0306451609375 0.9564516125000001 0.041935484375 0.95 0.091935484375 0.95 0.12096774218749999 0.9435483874999999 0.1241935484375 0.9483870968750001 0.19193548437500002 0.9516129031249999 0.20967741874999998 0.941935484375 0.2241935484375 0.941935484375 0.2322580640625 0.9532258062500001 0.23064516093749998 0.9629032265624999 0.2935483875 0.9806451609375 0.995161290625 0.9822580640625 1 0.9774193546875001 1 0.19032258124999998
1 0.2935483875 0.2322580640625 0.2774193546875 0.2758064515625 0.28064516093749997 0.30967741875 0.31290322656249997 0.361290321875 0.361290321875 0.4064516125 0.3693548390625 0.411290321875 0.38387096718749997 0.408064515625 0.41774193593750003 0.3645161296875 0.43870967812500006 0.3209677421875 0.44032258124999996 0.2758064515625 0.4193548390625 0.2354838703125 0.3806451609375 0.208064515625 0.3290322578125 0.204838709375 0.2935483875 0.2322580640625
1 0.498387096875 0.2838709671875 0.5241935484375 0.2564516125 0.5258064515624999 0.23064516093749998 0.5161290328125 0.2145161296875 0.49677419375 0.2 0.4629032265625 0.20322580625 0.44354838750000003 0.2290322578125 0.44677419374999994 0.2564516125 0.4677419359375 0.2822580640625 0.498387096875 0.2838709671875
1 0.741935484375 0.39032258125 0.7645161296875 0.37580645156250003 0.7709677421875 0.36290322656249996 0.7709677421875 0.33870967812499997 0.761290321875 0.3209677421875 0.7306451609375 0.311290321875 0.7 0.33064516093749996 0.695161290625 0.3564516125 0.7129032265624999 0.3854838703125 0.741935484375 0.39032258125
1 0.4564516125 0.5177419359375001 0.43709677343750003 0.4870967734375 0.40161290312500003 0.4693548390625 0.39032258125 0.4693548390625 0.35967741875 0.50322580625 0.361290321875 0.5338709671874999 0.388709678125 0.5467741937499999 0.44032258124999996 0.538709678125 0.4564516125 0.5177419359375001
1 0.691935484375 0.4709677421875 0.6935483875 0.50967741875 0.70967741875 0.554838709375 0.7274193546875 0.5677419359375 0.75967741875 0.5758064515625 0.7822580640625 0.5709677421875 0.7919354843749999 0.5612903218749999 0.798387096875 0.5225806453125 0.7870967734375001 0.48225806406249994 0.761290321875 0.45967741875 0.7354838703125 0.45 0.7048387093749999 0.451612903125 0.691935484375 0.4709677421875
1 0.8338709671875 0.3338709671875 0.858064515625 0.33064516093749996 0.8838709671875 0.30645161249999997 0.8838709671875 0.2741935484375 0.8612903218750001 0.251612903125 0.8290322578125 0.251612903125 0.804838709375 0.27258064531250004 0.8 0.304838709375 0.8209677421875 0.3290322578125 0.8338709671875 0.3338709671875
1 0.3854838703125 0.654838709375 0.40161290312500003 0.645161290625 0.408064515625 0.6274193546875 0.40322580625000004 0.60322580625 0.38709677343750004 0.5870967734375 0.354838709375 0.5838709671875 0.3354838703125 0.6064516125 0.3370967734375 0.6354838703125 0.34838709687499997 0.65 0.3854838703125 0.654838709375
1 0.3935483875 0.7741935484375 0.411290321875 0.8016129031249999 0.43064516093750005 0.80967741875 0.454838709375 0.80967741875 0.48064516093750004 0.7951612906250001 0.4854838703125 0.741935484375 0.458064515625 0.70967741875 0.44193548437499997 0.7032258062500001 0.4209677421875 0.7064516125 0.4 0.7225806453125 0.3935483875 0.738709678125 0.3935483875 0.7741935484375
1 0.7209677421875 0.738709678125 0.7274193546875 0.7064516125 0.7145161296875 0.6822580640625 0.6774193546875 0.6790322578125 0.658064515625 0.701612903125 0.658064515625 0.7338709671875 0.6725806453125001 0.75 0.7032258062500001 0.75322580625 0.7209677421875 0.738709678125
1 0.6225806453125 0.5338709671874999 0.6209677421875 0.5064516125 0.604838709375 0.491935484375 0.5693548390625 0.49032258124999994 0.55 0.5064516125 0.55 0.5290322578125 0.5661290328125 0.5451612906250001 0.604838709375 0.55 0.6225806453125 0.5338709671874999
1 0.55967741875 0.45967741875 0.5645161296875 0.43225806406249995 0.5532258062500001 0.4145161296875 0.5274193546875 0.404838709375 0.5064516125 0.41774193593750003 0.5 0.44516129062500004 0.5177419359375001 0.4677419359375 0.5419354843749999 0.4709677421875 0.55967741875 0.45967741875
1 0.458064515625 0.3790322578125 0.4629032265625 0.39838709687499996 0.47903225781250003 0.3935483875 0.47903225781250003 0.3774193546875 0.458064515625 0.3790322578125
1 0.508064515625 0.3435483875 0.498387096875 0.3274193546875 0.47580645156249995 0.33064516093749996 0.4709677421875 0.34677419375 0.47903225781250003 0.35967741875 0.4935483875 0.361290321875 0.504838709375 0.35322580625 0.508064515625 0.3435483875
1 0.5354838703125 0.7 0.5338709671874999 0.6790322578125 0.5225806453125 0.6661290328125 0.49677419375 0.6645161296875 0.47741935468749996 0.6854838703125 0.48225806406249994 0.7129032265624999 0.5 0.7225806453125 0.5161290328125 0.7193548390625 0.5354838703125 0.7
1 0.3225806453125 0.508064515625 0.30645161249999997 0.5064516125 0.29032258125 0.5177419359375001 0.29677419375 0.5435483875 0.31290322656249997 0.548387096875 0.3290322578125 0.5370967734375001 0.33064516093749996 0.5209677421875 0.3225806453125 0.508064515625
1 0.79032258125 0.24032258125 0.7935483875 0.22096774218749998 0.7838709671874999 0.2064516125 0.761290321875 0.20322580625 0.7483870968749999 0.2129032265625 0.74677419375 0.2354838703125 0.75322580625 0.24516129062499997 0.7806451609375 0.25 0.79032258125 0.24032258125
1 0.654838709375 0.2870967734375 0.65322580625 0.30645161249999997 0.6612903218749999 0.31612903281250004 0.6645161296875 0.28064516093749997 0.654838709375 0.2870967734375
1 0.6709677421875 0.2661290328125 0.6741935484375 0.2870967734375 0.691935484375 0.288709678125 0.6967741937499999 0.28064516093749997 0.691935484375 0.25967741875 0.6806451609375 0.258064515625 0.6709677421875 0.2661290328125
1 0.6209677421875 0.804838709375 0.6241935484375001 0.788709678125 0.6145161296875 0.7774193546875 0.601612903125 0.7774193546875 0.591935484375 0.7870967734375001 0.591935484375 0.804838709375 0.598387096875 0.80967741875 0.608064515625 0.8129032265625 0.6209677421875 0.804838709375
0 1 0.988709678125 0.995161290625 0.9854838703125001 0.9903225812500001 0.9903225812500001 0.9790322578125 0.9854838703125001 0.7629032265625 0.9903225812500001 0.7241935484375001 0.9854838703125001 0.43064516093750005 0.9854838703125001 0.358064515625 0.9903225812500001 0.28064516093749997 0.9870967734375 0.2241935484375 0.9564516125000001 0.19677419375 0.9564516125000001 0.19193548437500002 0.9612903218750001 0.0064516124999999995 0.9612903218750001 0 0.9533498765624999 0 1 1 1 1 0.988709678125
1 0.298387096875 0.8241935484375 0.3 0.838709678125 0.3193548390625 0.8370967734375 0.31612903281250004 0.8225806453125 0.298387096875 0.8241935484375
1 0.311290321875 0.7967741937499999 0.3145161296875 0.8177419359375 0.3258064515625 0.8209677421875 0.3354838703125 0.8145161296874999 0.3338709671875 0.7935483875 0.3177419359375 0.79032258125 0.311290321875 0.7967741937499999
1 0.7677419359375001 0.845161290625 0.7758064515624999 0.8258064515625 0.7645161296875 0.8161290328125 0.7483870968749999 0.8225806453125 0.7516129031250001 0.841935484375 0.7677419359375001 0.845161290625
1 0.79032258125 0.8241935484375 0.8 0.8145161296874999 0.8 0.8016129031249999 0.7951612906250001 0.7935483875 0.7806451609375 0.7935483875 0.7725806453125 0.8016129031249999 0.7725806453125 0.8129032265625 0.7822580640625 0.8241935484375 0.79032258125 0.8241935484375
1 0.6612903218749999 0.3774193546875 0.6645161296875 0.3854838703125 0.6677419359375001 0.38709677343750004 0.6806451609375 0.38709677343750004 0.6838709671875 0.3806451609375 0.6838709671875 0.37419354843749997 0.6822580640625 0.3709677421875 0.6806451609375 0.3709677421875 0.6774193546875 0.3677419359375 0.6677419359375001 0.3677419359375 0.6629032265625 0.3709677421875 0.6612903218749999 0.3774193546875
1 0.43387096718749996 0.4193548390625 0.43225806406249995 0.4225806453125 0.43225806406249995 0.43064516093750005 0.43709677343750003 0.43709677343750003 0.44354838750000003 0.43870967812500006 0.451612903125 0.43387096718749996 0.45322580625000003 0.43064516093750005 0.45322580625000003 0.4225806453125 0.451612903125 0.4193548390625 0.448387096875 0.41774193593750003 0.44354838750000003 0.41774193593750003 0.44193548437499997 0.4161290328125 0.43387096718749996 0.4193548390625
1 0.508064515625 0.498387096875 0.511290321875 0.5 0.5193548390625 0.5 0.5225806453125 0.49677419375 0.5225806453125 0.4854838703125 0.5161290328125 0.48225806406249994 0.50967741875 0.4838709671875 0.5064516125 0.4870967734375 0.5064516125 0.49516129062500003 0.508064515625 0.498387096875
1 0.44032258124999996 0.598387096875 0.43709677343750003 0.5903225812499999 0.43387096718749996 0.5870967734375 0.4145161296875 0.5870967734375 0.4145161296875 0.5887096781250001 0.40967741875 0.5935483875 0.40967741875 0.608064515625 0.4129032265625 0.6145161296875 0.41774193593750003 0.6177419359375 0.4241935484375 0.6177419359375 0.42580645156249997 0.6193548390625 0.4274193546875 0.6177419359375 0.43225806406249995 0.6177419359375 0.4354838703125 0.6161290328125 0.44032258124999996 0.6064516125 0.44032258124999996 0.598387096875
1 0.4629032265625 0.611290321875 0.4629032265625 0.6177419359375 0.46129032187499996 0.6193548390625 0.4661290328125 0.6290322578125 0.47419354843750006 0.6322580640625 0.47741935468749996 0.6322580640625 0.4854838703125 0.6274193546875 0.4870967734375 0.6241935484375001 0.4854838703125 0.611290321875 0.47419354843750006 0.6064516125 0.4725806453125 0.608064515625 0.4677419359375 0.608064515625 0.4629032265625 0.611290321875
1 0.74032258125 0.7274193546875 0.7338709671875 0.7322580640624999 0.7322580640624999 0.7354838703125 0.7322580640624999 0.7483870968749999 0.7354838703125 0.75322580625 0.7483870968749999 0.754838709375 0.75322580625 0.75322580625 0.75967741875 0.745161290625 0.761290321875 0.738709678125 0.75967741875 0.7370967734375 0.75967741875 0.7322580640624999 0.7564516125 0.7290322578125 0.75322580625 0.7274193546875 0.74032258125 0.7274193546875
1 0.838709678125 0.1822580640625 0.838709678125 0.19193548437500002 0.8435483874999999 0.19677419375 0.85 0.19677419375 0.85322580625 0.195161290625 0.8564516125000001 0.19032258124999998 0.8564516125000001 0.1838709671875 0.854838709375 0.1806451609375 0.85322580625 0.1790322578125 0.8435483874999999 0.1790322578125 0.84032258125 0.1806451609375 0.838709678125 0.1822580640625
1 0.8741935484375001 0.22258064531250002 0.8741935484375001 0.2322580640625 0.8774193546875001 0.2354838703125 0.8774193546875001 0.23709677343750002 0.8822580640625001 0.238709678125 0.8838709671875 0.23709677343750002 0.8887096781249999 0.23709677343750002 0.891935484375 0.23387096718749997 0.891935484375 0.22258064531250002 0.8870967734375 0.2177419359375 0.8790322578125 0.2177419359375 0.8741935484375001 0.22258064531250002
1 0.6758064515625 0.21935483906250003 0.6790322578125 0.22258064531250002 0.6887096781250001 0.2241935484375 0.695161290625 0.22096774218749998 0.695161290625 0.21129032187500002 0.69032258125 0.2064516125 0.6854838703125 0.204838709375 0.6822580640625 0.2064516125 0.6774193546875 0.2064516125 0.6758064515625 0.208064515625 0.6758064515625 0.21935483906250003
1 0.27096774218749997 0.3935483875 0.27096774218749997 0.40322580625000004 0.27258064531250004 0.408064515625 0.28064516093749997 0.411290321875 0.2854838703125 0.411290321875 0.288709678125 0.408064515625 0.288709678125 0.39677419375 0.2870967734375 0.391935484375 0.2838709671875 0.388709678125 0.2741935484375 0.388709678125 0.27258064531250004 0.39032258125 0.27096774218749997 0.3935483875
1 0.538709678125 0.7806451609375 0.5306451609375 0.8 0.55 0.8064516125000001 0.554838709375 0.7854838703125 0.538709678125 0.7806451609375
1 0.64677419375 0.608064515625 0.65 0.595161290625 0.6435483875 0.5903225812499999 0.6354838703125 0.5935483875 0.6354838703125 0.604838709375 0.64677419375 0.608064515625
1 0.601612903125 0.5725806453125 0.598387096875 0.5838709671875 0.6064516125 0.5887096781250001 0.6129032265625 0.5758064515625 0.601612903125 0.5725806453125
1 0.6177419359375 0.691935484375 0.6193548390625 0.7080645156250001 0.6370967734375 0.7032258062500001 0.6338709671875 0.691935484375 0.6177419359375 0.691935484375
1 0.6758064515625 0.60322580625 0.6709677421875 0.6145161296875 0.6790322578125 0.6193548390625 0.6838709671875 0.608064515625 0.6758064515625 0.60322580625
0 0 0.4661290328125 0.13709677343749999 0.4661290328125 0.17419354843749998 0.45322580625000003 0.195161290625 0.454838709375 0.20322580625 0.44193548437499997 0.20967741874999998 0.44193548437499997 0.204838709375 0.4145161296875 0.19677419375 0.4064516125 0.20161290312500002 0.35161290312500004 0.19032258124999998 0.3435483875 0.1870967734375 0.3258064515625 0.1838709671875 0.21129032187500002 0.19193548437500002 0.19193548437500002 0.19193548437500002 0.154838709375 0.204838709375 0.151612903125 0.2064516125 0.0935483875 0.195161290625 0.0822580640625 0.17419354843749998 0.0806451609375 0 0.0806451609375 0 0.261290321875 0.0016129031249999999 0.261290321875 0.0016129031249999999 0.288709678125 0 0.2888888890625 0 0.4661290328125
0 0 0 0 0.074838709375 0.0016129031249999999 0.0741935484375 0.161290321875 0.0758064515625 0.1822580640625 0.06935483906249999 0.2129032265625 0.0822580640625 0.254838709375 0.0435483875 0.2870967734375 0.0338709671875 0.8629032265625 0.0306451609375 0.9870967734375 0.0354838703125 1 0.0322580640625 1 0 0 0
1 0.3290322578125 0.6790322578125 0.341935484375 0.6758064515625 0.33870967812499997 0.658064515625 0.3241935484375 0.6612903218749999 0.3225806453125 0.6709677421875 0.3290322578125 0.6790322578125