0 0.005033557812500001 0 0 0.005491153125 0 0.9355297953124999 0.068791946875 0.9563758390625001 0.42114093906249994 0.9496644296874999 0.803691275 0.95134228125 0.899328859375 0.9395973156249999 0.9949664421875 0.9043624156250001 1 0.8892617453125 0.9983221468749999 0.7768456375 0.9848993281249999 0.7130872484374999 0.98657718125 0.6644295296875 0.97818791875 0.6593959734375 0.979865771875 0.649328859375 0.9412751671875 0.6174496640625 0.9412751671875 0.42617449687500003 0.9362416109374999 0.39261745000000003 0.9412751671875 0.2818791953125 0.9362416109374999 0.2768456375 0.9429530203125 0.2667785234375 0.9362416109374999 0.2550335578125 0.9429530203125 0.25 0.9362416109374999 0.22956070781250001 0.9345637578125 0.04865771875 0.9278523484375001 0.0067114093750000004 0.918903803125 0 0.005033557812500001 0
1 0.8557046984375001 0.515100671875 0.8557046984375001 0.417785234375 0.8355704703125 0.2768456375 0.837248321875 0.1191275171875 0.8204697984375 0.10906040312500001 0.791946309375 0.114093959375 0.7667785234375 0.1459731546875 0.756711409375 0.176174496875 0.7114093953125 0.2231543625 0.6728187921875 0.24328859062500002 0.5973154359375 0.25 0.5822147656250001 0.270134228125 0.5838926171875001 0.3489932890625 0.588926175 0.3657718125 0.6124161078125 0.3959731546875 0.6241610734374999 0.43288590625 0.6308724828125001 0.5436241609375 0.6208053687499999 0.609060403125 0.6241610734374999 0.6442953015625 0.7197986578125 0.681208053125 0.7818791953125 0.6694630874999999 0.8221476515624999 0.640939596875 0.8389261749999999 0.5989932890625 0.8557046984375001 0.515100671875
1 0.2533557046875 0.30872483281249996 0.24496644218750002 0.33389261718749996 0.2533557046875 0.39261745000000003 0.24496644218750002 0.6241610734374999 0.2583892625 0.6392617453125 0.3305369125 0.6442953015625 0.350671140625 0.6191275171874999 0.3674496640625 0.5352349000000001 0.34395973125 0.35738254999999997 0.32550335625 0.31040268437499996 0.303691275 0.28859060468750003 0.2818791953125 0.28523489999999996 0.2533557046875 0.30872483281249996
1 0.149328859375 0.0788590609375 0.11744966406249999 0.09395973125 0.0906040265625 0.1191275171875 0.08557047031250001 0.1593959734375 0.0922818796875 0.1778523484375 0.1124161078125 0.20805369062499998 0.154362415625 0.23322147656249997 0.1845637578125 0.2399328859375 0.2181208046875 0.23322147656249997 0.25 0.20805369062499998 0.270134228125 0.16610738281249998 0.27181208125 0.14429530156249998 0.2617449671875 0.10738255000000001 0.2231543625 0.0788590609375 0.149328859375 0.0788590609375
1 0.16610738281249998 0.5805369125000001 0.14261744999999998 0.553691275 0.08221476562499999 0.5503355703125 0.0788590609375 0.70973154375 0.088926175 0.7466442953125 0.10738255000000001 0.7667785234375 0.127516778125 0.7768456375 0.162751678125 0.7802013421875 0.181208053125 0.77181208125 0.203020134375 0.7449664421875 0.21308724843750002 0.7063758390625 0.1342281875 0.689597315625 0.21308724843750002 0.64765100625 0.16610738281249998 0.5805369125000001
1 0.661073825 0.7063758390625 0.587248321875 0.6510067109375 0.560402684375 0.6442953015625 0.4362416109375 0.654362415625 0.3758389265625 0.6711409390624999 0.296979865625 0.7063758390625 0.28691275156249996 0.7147650999999999 0.2818791953125 0.7399328859375001 0.2802013421875 0.7885906046875 0.28859060468750003 0.8204697984375 0.337248321875 0.8708053687499999 0.41442952968749996 0.8976510062499999 0.4362416109375 0.912751678125 0.5167785234375 0.9278523484375001 0.568791946875 0.9194630874999999 0.5922818796875 0.9093959734375 0.6375838921875 0.8741610734374999 0.6526845640625 0.8540268453125 0.67449664375 0.770134228125 0.661073825 0.7063758390625
1 0.7248322140625 0.912751678125 0.756711409375 0.9228187921875 0.7802013421875 0.9093959734375 0.791946309375 0.8708053687499999 0.7751677859375 0.8355704703125 0.756711409375 0.8255033562499999 0.7399328859375001 0.8271812078125 0.716442953125 0.8456375843749999 0.7114093953125 0.8590604031250001 0.70973154375 0.885906040625 0.7248322140625 0.912751678125
1 0.2416107375 0.832214765625 0.2466442953125 0.8003355703125001 0.2382550328125 0.7818791953125 0.21140939531249997 0.7768456375 0.194630871875 0.791946309375 0.1929530203125 0.8204697984375 0.2046979859375 0.837248321875 0.2265100671875 0.8422818796874999 0.2416107375 0.832214765625
1 0.3959731546875 0.1929530203125 0.385906040625 0.1862416109375 0.36912751718750003 0.1879194625 0.3540268453125 0.1996644296875 0.34395973125 0.21979865781250002 0.3473154359375 0.265100671875 0.3657718125 0.283557046875 0.3875838921875 0.28523489999999996 0.3959731546875 0.1929530203125
1 0.3422818796875 0.161073825 0.359060403125 0.1694630875 0.385906040625 0.1644295296875 0.3959731546875 0.135906040625 0.390939596875 0.10234899374999999 0.36912751718750003 0.087248321875 0.35738254999999997 0.087248321875 0.34563758437500003 0.0906040265625 0.33389261718749996 0.10570469843750001 0.3305369125 0.1375838921875 0.3422818796875 0.161073825
1 0.60234899375 0.19798657656250002 0.6208053687499999 0.18288590625 0.6291946312500001 0.1593959734375 0.6275167781250001 0.1375838921875 0.60738255 0.11073825468750001 0.57550335625 0.10738255000000001 0.5503355703125 0.1342281875 0.5503355703125 0.17449664375 0.57550335625 0.1996644296875 0.60234899375 0.19798657656250002
1 0.661073825 0.14429530156249998 0.696308725 0.154362415625 0.716442953125 0.14261744999999998 0.72818791875 0.12080536875 0.729865771875 0.0906040265625 0.708053690625 0.060402684375 0.6795302015625 0.055369128125 0.662751678125 0.0637583890625 0.649328859375 0.08221476562499999 0.649328859375 0.11744966406249999 0.661073825 0.14429530156249998
1 0.555369128125 0.046979865625 0.5268456375 0.0436241609375 0.5117449671875 0.0570469796875 0.5117449671875 0.0805369125 0.52181208125 0.088926175 0.54026845625 0.088926175 0.560402684375 0.073825503125 0.555369128125 0.046979865625
1 0.8791946312500001 0.42281879218749996 0.8791946312500001 0.44127516718750004 0.8875838921874999 0.4479865765625 0.9010067109375001 0.446308725 0.9026845640625 0.41946308749999994 0.89261745 0.411073825 0.8791946312500001 0.42281879218749996
1 0.1644295296875 0.4077181203125 0.1644295296875 0.3741610734375 0.149328859375 0.35738254999999997 0.1258389265625 0.359060403125 0.11577181249999999 0.3758389265625 0.114093959375 0.3959731546875 0.12919463125 0.417785234375 0.1510067109375 0.41946308749999994 0.1644295296875 0.4077181203125