0 0 0.90625 0.00625 0.9125 0.109375 0.94375 0.4375 0.9375 0.79375 0.9390625 0.8828125 0.928125 0.971875 0.8953125 0.9765625 0.88125 0.975 0.7765625 0.9625 0.7171875 0.9640625 0.671875 0.95625 0.6671875 0.9578125 0.6578125 0.921875 0.628125 0.921875 0.45 0.9171875 0.41875 0.921875 0.315625 0.9171875 0.3109375 0.9234375 0.3015625 0.9171875 0.290625 0.9234375 0.2859375 0.9171875 0.266903409375 0.915625 0.0984375 0.909375 0.059375 0.884375 0.040625 0.896875 0.01875 0.8859375 0.0046875 0.8796875 0 0.875 0.0046875 0.4140625 0.028125 0.3921875 0.01875 0.35625 0.0140625 0.29375 0.015625 0.2859375 0.021875 0.278125 0.0171875 0.1296875 0.0171875 0.1046875 0.0234375 0.0828125 0.0171875 0.071875 0.0203125 0.0671875 0.034375 0.0328125 0.071875 0.028125 0.121875 0.0328125 0.5140625 0.025 0.725 0.0296875 0.728125 0.0234375 0.7515625 0 0.7578125 0 0.90625
1 0.6265625 0.45625 0.6328125 0.559375 0.6234375 0.6203125 0.6265625 0.653125 0.715625 0.6875 0.7734375 0.6765625 0.8109375 0.65 0.8265625 0.6109375 0.8421875 0.5328125 0.8421875 0.4421875 0.8234375 0.3109375 0.825 0.1640625 0.809375 0.1546875 0.7828125 0.159375 0.759375 0.1890625 0.75 0.2171875 0.7078125 0.2609375 0.671875 0.2796875 0.6015625 0.2859375 0.5875 0.3046875 0.5890625 0.378125 0.59375 0.39375 0.615625 0.421875 0.6265625 0.45625
1 0.2859375 0.6484375 0.353125 0.653125 0.371875 0.6296875 0.3875 0.5515625 0.365625 0.3859375 0.3484375 0.3421875 0.328125 0.321875 0.3078125 0.31875 0.28125 0.340625 0.2734375 0.3640625 0.28125 0.41875 0.2734375 0.634375 0.2859375 0.6484375
1 0.1890625 0.2703125 0.2171875 0.2765625 0.2484375 0.2703125 0.278125 0.246875 0.296875 0.2078125 0.2984375 0.1875 0.2890625 0.153125 0.253125 0.1265625 0.184375 0.1265625 0.1546875 0.140625 0.1296875 0.1640625 0.125 0.2015625 0.13125 0.21875 0.15 0.246875 0.1890625 0.2703125
1 0.1453125 0.7671875 0.1640625 0.7765625 0.196875 0.7796875 0.2140625 0.771875 0.234375 0.746875 0.24375 0.7109375 0.1703125 0.6953125 0.24375 0.65625 0.2 0.59375 0.178125 0.56875 0.121875 0.565625 0.11875 0.7140625 0.128125 0.7484375 0.1453125 0.7671875
1 0.43125 0.8890625 0.4515625 0.903125 0.5265625 0.9171875 0.575 0.909375 0.596875 0.9 0.6390625 0.8671875 0.653125 0.8484375 0.6734375 0.7703125 0.6609375 0.7109375 0.5921875 0.659375 0.5671875 0.653125 0.4515625 0.6625 0.3953125 0.678125 0.321875 0.7109375 0.3125 0.71875 0.3078125 0.7421875 0.30625 0.7875 0.3140625 0.8171875 0.359375 0.8640625 0.43125 0.8890625
1 0.771875 0.9 0.7828125 0.8640625 0.7671875 0.83125 0.75 0.821875 0.734375 0.8234375 0.7125 0.840625 0.7078125 0.853125 0.70625 0.878125 0.7203125 0.903125 0.75 0.9125 0.771875 0.9
1 0.2703125 0.828125 0.275 0.7984375 0.2671875 0.78125 0.2421875 0.7765625 0.2265625 0.790625 0.225 0.8171875 0.2359375 0.8328125 0.25625 0.8375 0.2703125 0.828125
1 0.4140625 0.2328125 0.4046875 0.2265625 0.3890625 0.228125 0.375 0.2390625 0.365625 0.2578125 0.36875 0.3 0.3859375 0.3171875 0.40625 0.31875 0.4140625 0.2328125
1 0.4046875 0.20625 0.4140625 0.1796875 0.409375 0.1484375 0.3890625 0.134375 0.378125 0.134375 0.3671875 0.1375 0.35625 0.1515625 0.353125 0.18125 0.3640625 0.203125 0.3796875 0.2109375 0.4046875 0.20625
1 0.6234375 0.2234375 0.63125 0.2015625 0.6296875 0.18125 0.6109375 0.15625 0.58125 0.153125 0.5578125 0.178125 0.5578125 0.215625 0.58125 0.2390625 0.60625 0.2375 0.6234375 0.2234375
1 0.7125 0.1859375 0.7234375 0.165625 0.725 0.1375 0.7046875 0.109375 0.678125 0.1046875 0.6625 0.1125 0.65 0.1296875 0.65 0.1625 0.6609375 0.1875 0.69375 0.196875 0.7125 0.1859375
1 0.5671875 0.121875 0.5625 0.096875 0.5359375 0.09375 0.521875 0.10625 0.521875 0.128125 0.53125 0.1359375 0.5484375 0.1359375 0.5671875 0.121875
1 0.8859375 0.44375 0.8765625 0.4359375 0.8640625 0.446875 0.8640625 0.4640625 0.871875 0.4703125 0.884375 0.46875 0.8859375 0.44375
1 0.1984375 0.4328125 0.1984375 0.4015625 0.184375 0.3859375 0.1625 0.3875 0.153125 0.403125 0.1515625 0.421875 0.165625 0.4421875 0.1859375 0.44375 0.1984375 0.4328125