0 0.05901639374999999 0 0.0573770484375 0.0049180328125 0.021311475 0.0442622953125 0.016393442187500003 0.0967213109375 0.021311475 0.508196721875 0.013114754687499999 0.729508196875 0.0180327875 0.7327868859375 0.011475409374999999 0.7573770484375 0 0.760437159375 0 0.9282165921875001 0.10163934375000001 0.95901639375 0.4459016390625 0.9524590156249999 0.8196721312499999 0.9540983609374999 0.9131147546875 0.9426229515625 1 0.910612596875 1 0.7368852453125 0.9967213109375 0.721311475 0.99836065625 0.6737704921875001 0.990163934375 0.668852459375 0.991803278125 0.65901639375 0.9540983609374999 0.6278688531250001 0.9540983609374999 0.44098360625 0.949180328125 0.408196721875 0.9540983609374999 0.3 0.949180328125 0.2950819671875 0.9557377046875001 0.2852459015625 0.949180328125 0.2737704921875 0.9557377046875001 0.268852459375 0.949180328125 0.248882265625 0.947540984375 0.072131146875 0.94098360625 0.031147540624999998 0.9147540984375 0.011475409374999999 0.9213114750000001 0 0.05901639374999999 0
1 0.870491803125 0.527868853125 0.870491803125 0.43278688593750003 0.850819671875 0.2950819671875 0.8524590156249999 0.14098360625 0.8360655734375 0.131147540625 0.808196721875 0.1360655734375 0.7836065578125 0.1672131140625 0.7737704921875 0.1967213109375 0.729508196875 0.24262295156250002 0.691803278125 0.26229508125 0.6180327875 0.268852459375 0.6032786890625 0.288524590625 0.6049180328125 0.3655737703125 0.6098360656249999 0.3819672125 0.6327868859375 0.41147540937500005 0.6442622953125 0.44754098437499995 0.650819671875 0.5557377046875 0.6409836062500001 0.61967213125 0.6442622953125 0.6540983609375 0.73770491875 0.690163934375 0.7983606562500001 0.678688525 0.8377049187500001 0.650819671875 0.8540983609374999 0.6098360656249999 0.870491803125 0.527868853125
1 0.2819672125 0.32622950781250004 0.2737704921875 0.35081967187499996 0.2819672125 0.408196721875 0.2737704921875 0.6344262296875 0.28688524531250004 0.649180328125 0.35737704843749996 0.6540983609375 0.3770491796875 0.629508196875 0.3934426234375 0.547540984375 0.370491803125 0.37377049218749997 0.352459015625 0.32786885312499997 0.331147540625 0.3065573765625 0.309836065625 0.3032786890625 0.2819672125 0.32622950781250004
1 0.18032786875 0.10163934375000001 0.14918032812499998 0.1163934421875 0.1229508203125 0.14098360625 0.11803278749999999 0.18032786875 0.12459016406250001 0.19836065625 0.1442622953125 0.227868853125 0.1852459015625 0.252459015625 0.21475409843749999 0.25901639374999996 0.247540984375 0.252459015625 0.278688525 0.227868853125 0.29836065624999997 0.1868852453125 0.3 0.1655737703125 0.290163934375 0.12950819687499998 0.252459015625 0.10163934375000001 0.18032786875 0.10163934375000001
1 0.1967213109375 0.591803278125 0.17377049218750001 0.5655737703125 0.1147540984375 0.56229508125 0.111475409375 0.7180327875 0.12131147499999999 0.7540983609375 0.1393442625 0.7737704921875 0.15901639375 0.7836065578125 0.19344262343750002 0.7868852453125 0.21147540937499998 0.778688525 0.23278688593750002 0.7524590156250001 0.24262295156250002 0.7147540984375 0.1655737703125 0.69836065625 0.24262295156250002 0.6573770484375 0.1967213109375 0.591803278125
1 0.68032786875 0.7147540984375 0.608196721875 0.6606557375000001 0.5819672125 0.6540983609375 0.46065573750000005 0.6639344265625 0.40163934375 0.68032786875 0.3245901640625 0.7147540984375 0.3147540984375 0.7229508203125 0.309836065625 0.7475409843749999 0.308196721875 0.7950819671875 0.3163934421875 0.8262295078124999 0.3639344265625 0.8754098359375 0.43934426249999997 0.90163934375 0.46065573750000005 0.9163934421875 0.5393442625 0.931147540625 0.590163934375 0.9229508203125001 0.6131147546875 0.9131147546875 0.6573770484375 0.8786885249999999 0.672131146875 0.8590163937499999 0.6934426234375 0.7770491796875 0.68032786875 0.7147540984375
1 0.7426229515625 0.9163934421875 0.7737704921875 0.9262295078125 0.7967213109375 0.9131147546875 0.808196721875 0.8754098359375 0.791803278125 0.84098360625 0.7737704921875 0.8311475406250001 0.7573770484375 0.8327868859375 0.7344262296874999 0.850819671875 0.729508196875 0.8639344265625001 0.727868853125 0.8901639343750001 0.7426229515625 0.9163934421875
1 0.270491803125 0.8377049187500001 0.2754098359375 0.8065573765625 0.2672131140625 0.788524590625 0.24098360625 0.7836065578125 0.22459016406250001 0.7983606562500001 0.2229508203125 0.8262295078124999 0.23442622968750002 0.8426229515625 0.2557377046875 0.847540984375 0.270491803125 0.8377049187500001
1 0.421311475 0.2131147546875 0.41147540937500005 0.2065573765625 0.3950819671875 0.208196721875 0.38032786875 0.21967213124999999 0.370491803125 0.23934426250000002 0.37377049218749997 0.2836065578125 0.391803278125 0.30163934375 0.4131147546875 0.3032786890625 0.421311475 0.2131147546875
1 0.368852459375 0.1819672125 0.3852459015625 0.190163934375 0.41147540937500005 0.1852459015625 0.421311475 0.1573770484375 0.4163934421875 0.12459016406250001 0.3950819671875 0.10983606562499999 0.38360655781249997 0.10983606562499999 0.37213114687500004 0.11311475468750001 0.3606557375 0.12786885312500001 0.35737704843749996 0.15901639375 0.368852459375 0.1819672125
1 0.6229508203125 0.21803278750000002 0.6409836062500001 0.20327868906250002 0.649180328125 0.18032786875 0.647540984375 0.15901639375 0.6278688531250001 0.13278688593750002 0.5967213109375 0.12950819687499998 0.572131146875 0.15573770468749998 0.572131146875 0.19508196718749998 0.5967213109375 0.21967213124999999 0.6229508203125 0.21803278750000002
1 0.68032786875 0.1655737703125 0.7147540984375 0.17540983593749998 0.7344262296874999 0.16393442656249999 0.7459016390625 0.1426229515625 0.7475409843749999 0.11311475468750001 0.7262295078125 0.08360655781250001 0.69836065625 0.078688525 0.6819672125 0.0868852453125 0.668852459375 0.1049180328125 0.668852459375 0.1393442625 0.68032786875 0.1655737703125
1 0.5770491796874999 0.070491803125 0.5491803281250001 0.0672131140625 0.5344262296875 0.08032786875 0.5344262296875 0.1032786890625 0.5442622953125 0.111475409375 0.56229508125 0.111475409375 0.5819672125 0.0967213109375 0.5770491796874999 0.070491803125
1 0.8934426234374999 0.43770491875 0.8934426234374999 0.45573770468749997 0.90163934375 0.46229508125 0.9147540984375 0.46065573750000005 0.9163934421875 0.4344262296875 0.9065573765625 0.42622950781249996 0.8934426234374999 0.43770491875
1 0.19508196718749998 0.42295082031250003 0.19508196718749998 0.39016393437499997 0.18032786875 0.37377049218749997 0.1573770484375 0.3754098359375 0.14754098437500002 0.391803278125 0.1459016390625 0.41147540937500005 0.1606557375 0.43278688593750003 0.1819672125 0.4344262296875 0.19508196718749998 0.42295082031250003