1 0.0451839828125 0 0.0389610390625 0.074675325 0.030844156249999997 0.7792207796875 0.0324675328125 0.9512987015625001 0.0389610390625 0.9659090906250001 0.8587662343750001 0.9772727265625001 0.9740259734375 0.97564935 0.9886363640625 0.96915584375 0.9951298703125 0.9512987015625001 1 0.8831168828125 1 0.0675505046875 0.9724025968750001 0.029220779687499997 0.9724025968750001 0.0081168828125 0.9626623375 0 0.8344155843750001 0 0.0451839828125 0
1 0.045950578125 0 0.0389610390625 0.050324675 0.029220779687499997 0.7808441562499999 0.0373376625 0.8133116890625001 0.0389610390625 0.9642857140625001 0.2613636359375 0.9724025968750001 0.9464285718750001 0.9772727265625001 0.9788961031250001 0.9740259734375 0.9918831171875 0.9626623375 1 0.9155844156249999 1 0.0698051953125 0.9821428578125 0.0373376625 0.9707792203125001 0.0324675328125 0.9645949281249999 0 0.045950578125 0
1 0.044733045312500004 0 0.0389610390625 0.0519480515625 0.029220779687499997 0.7808441562499999 0.034090909375 0.7857142859375 0.034090909375 0.949675325 0.0389610390625 0.9642857140625001 0.27759740312500003 0.9724025968750001 0.8912337656249999 0.9772727265625001 0.9724025968750001 0.97564935 0.9886363640625 0.9675324671875 1 0.9155844156249999 1 0.06818181875 0.9740259734375 0.0324675328125 0.9724025968750001 0.00649350625 0.9672077921875 0 0.044733045312500004 0
1 0.045056984375 0 0.0389610390625 0.074675325 0.0357142859375 0.6688311687499999 0.029220779687499997 0.7808441562499999 0.0373376625 0.8100649343749999 0.0357142859375 0.95616883125 0.040584415624999995 0.9659090906250001 0.8587662343750001 0.9772727265625001 0.9740259734375 0.97564935 0.9886363640625 0.9675324671875 0.9983766234375 0.91883116875 1 0.8758116890625001 1 0.0690836953125 0.9724025968750001 0.029220779687499997 0.9675324671875 0 0.8798701296875 0 0.045056984375 0
1 0.04449254375 0 0.0389610390625 0.0373376625 0.029220779687499997 0.7808441562499999 0.0373376625 0.81818181875 0.034090909375 0.9512987015625001 0.0389610390625 0.9642857140625001 0.27759740312500003 0.9724025968750001 0.8912337656249999 0.9772727265625001 0.9724025968750001 0.97564935 0.9886363640625 0.9675324671875 1 0.9155844156249999 1 0.06818181875 0.9740259734375 0.0324675328125 0.9724025968750001 0.00649350625 0.9672077921875 0 0.04449254375 0
1 0.045628478125 0 0.0389610390625 0.0373376625 0.029220779687499997 0.7808441562499999 0.0373376625 0.8133116890625001 0.0389610390625 0.9642857140625001 0.2613636359375 0.9724025968750001 0.9464285718750001 0.9772727265625001 0.9788961031250001 0.9740259734375 0.9918831171875 0.9626623375 1 0.9155844156249999 1 0.0698051953125 0.9821428578125 0.0373376625 0.9707792203125001 0.0324675328125 0.9659090906250001 0 0.045628478125 0
0 0.04458041875 0 0.040584415624999995 0.0129870125 0.0373376625 0.1266233765625 0.0357142859375 0.5951889031250001 0.030844156249999997 0.6136363640625 0.0357142859375 0.615259740625 0.0357142859375 0.628246753125 0.030844156249999997 0.628246753125 0.0357142859375 0.6493506499999999 0.030844156249999997 0.6623376624999999 0.030844156249999997 0.75649350625 0.0357142859375 0.7727272734375 0.027597403124999996 0.7808441562499999 0.0113636359375 0.7808441562499999 0.0357142859375 0.7873376624999999 0.0357142859375 0.9285714281249999 0.016233765625 0.94318181875 0.0016233765625 0.94318181875 0 0.949675325 0.025974026562500002 0.9512987015625001 0.0389610390625 0.9675324671875 0.1120129875 0.96915584375 0.9237012984374999 0.9788961031250001 0.97564935 0.97564935 0.9886363640625 0.96915584375 0.9967532468750001 0.9512987015625001 1 0.8961038968749999 1 0.046130953125 0.9886363640625 0.0016233765625 0.9871605671875001 0 0.04458041875 0
1 0.9269480515625 0.314935065625 0.9107142859374999 0.3084415578125 0.8782467531249999 0.30681818125000004 0.8587662343750001 0.3165584421875 0.8474025968750001 0.33766233749999996 0.8474025968750001 0.3766233765625 0.8571428578125 0.396103896875 0.8766233765625 0.409090909375 0.9074675328125 0.41396103906250004 0.9269480515625 0.40746753281250003 0.9464285718750001 0.378246753125 0.9480519484375 0.35064934999999997 0.9415584421875 0.33279220781249996 0.9269480515625 0.314935065625
1 0.7370129875 0.029220779687499997 0.7029220781250001 0.027597403124999996 0.6720779218749999 0.0357142859375 0.634740259375 0.074675325 0.6298701296875 0.1201298703125 0.6525974031249999 0.1509740265625 0.6769480515625 0.15909090937499998 0.7272727265625 0.15584415625 0.766233765625 0.1266233765625 0.7775974031249999 0.0990259734375 0.7775974031249999 0.0698051953125 0.76948051875 0.050324675 0.7370129875 0.029220779687499997
1 0.9448051953125001 0.6266233765625 0.9269480515625 0.5990259734375 0.8977272734374999 0.5827922078125 0.85064935 0.5827922078125 0.8344155843750001 0.5892857140625 0.7759740265625 0.6477272734375 0.76948051875 0.6672077921875 0.7743506499999999 0.7029220781250001 0.7905844156249999 0.7256493500000001 0.81818181875 0.74350649375 0.8896103890625 0.7418831171875 0.9269480515625 0.7191558437500001 0.9480519484375 0.6834415578125 0.9512987015625001 0.6542207796875 0.9448051953125001 0.6266233765625
1 0.33603896093749996 0.32629870156249996 0.27759740312500003 0.32142857187499996 0.2240259734375 0.34740259687499997 0.2045454546875 0.3636363640625 0.1980519484375 0.3798701296875 0.196428571875 0.39448051875 0.2045454546875 0.4123376625 0.233766234375 0.439935065625 0.35551948125 0.44155844218749996 0.36850649375 0.42370129843750004 0.36850649375 0.36850649375 0.35551948125 0.34253246718749997 0.33603896093749996 0.32629870156249996
1 0.6801948046875 0.8279220781250001 0.6818181812499999 0.7905844156249999 0.6688311687499999 0.75649350625 0.6379870125 0.73051948125 0.5876623375000001 0.7272727265625 0.5633116890625 0.733766234375 0.5113636359375 0.7646103890625 0.483766234375 0.7889610390625 0.472402596875 0.8116883109374999 0.46915584375 0.85064935 0.48538961093750005 0.8896103890625 0.5243506499999999 0.9107142859374999 0.5860389609375 0.9107142859374999 0.6396103890625 0.8863636359375 0.6574675328125 0.8717532468750001 0.6801948046875 0.8279220781250001
1 0.44805194843749996 0.1022727265625 0.45454545468749996 0.115259740625 0.490259740625 0.121753246875 0.5081168828125 0.1120129875 0.5146103890625 0.1022727265625 0.516233765625 0.074675325 0.503246753125 0.053571428125 0.47402597343749997 0.0487012984375 0.452922078125 0.060064934375000004 0.44805194843749996 0.1022727265625
1 0.2353896109375 0.05681818125 0.24350649375 0.029220779687499997 0.2321428578125 0.0113636359375 0.209415584375 0.009740259375000001 0.196428571875 0.0178571421875 0.19318181875 0.042207792187499996 0.19967532500000001 0.05681818125 0.2353896109375 0.05681818125
1 0.19318181875 0.1022727265625 0.178571428125 0.1396103890625 0.18181818125 0.15909090937499998 0.19318181875 0.17370129843749998 0.22564935 0.185064934375 0.2613636359375 0.17532467499999999 0.27597402656250003 0.1542207796875 0.27759740312500003 0.1233766234375 0.2581168828125 0.09415584375 0.215909090625 0.090909090625 0.19318181875 0.1022727265625
1 0.8652597406250001 0.824675325 0.875 0.8538961031250001 0.8961038968749999 0.8620129875 0.91883116875 0.8620129875 0.9366883109374999 0.85064935 0.94318181875 0.8165584421875 0.9220779218749999 0.7905844156249999 0.8961038968749999 0.7873376624999999 0.8701298703125 0.8035714281249999 0.8652597406250001 0.824675325
1 0.733766234375 0.84415584375 0.7272727265625 0.8376623375 0.7142857140625 0.8392857140625001 0.7077922078125 0.8571428578125 0.7142857140625 0.8636363640625 0.7321428578125 0.8620129875 0.733766234375 0.84415584375
1 0.80681818125 0.8636363640625 0.7792207796875 0.8636363640625 0.7727272734375 0.8863636359375 0.7840909093749999 0.89448051875 0.8035714281249999 0.89448051875 0.8149350656250001 0.8782467531249999 0.80681818125 0.8636363640625
1 0.8084415578125 0.8636363640625 0.7792207796875 0.8636363640625 0.7727272734375 0.8863636359375 0.7824675328125 0.89448051875 0.80681818125 0.8928571421875 0.8149350656250001 0.8798701296875 0.8084415578125 0.8636363640625
1 0.86850649375 0.9220779218749999 0.89448051875 0.925324675 0.90584415625 0.9172077921874999 0.9074675328125 0.8977272734374999 0.8977272734374999 0.8831168828125 0.8733766234375 0.88149350625 0.8636363640625 0.8928571421875 0.8620129875 0.9139610390625 0.86850649375 0.9220779218749999
1 0.0762987015625 0.2240259734375 0.103896103125 0.228896103125 0.11850649375 0.21915584375 0.121753246875 0.1915584421875 0.10714285781249999 0.17532467499999999 0.08766233749999999 0.17370129843749998 0.074675325 0.1801948046875 0.06818181875 0.2110389609375 0.0762987015625 0.2240259734375
1 0.1201298703125 0.39448051875 0.1233766234375 0.378246753125 0.1168831171875 0.3668831171875 0.09415584375 0.3668831171875 0.08766233749999999 0.375 0.0925324671875 0.396103896875 0.1120129875 0.39935065000000003 0.1201298703125 0.39448051875
1 0.0892857140625 0.46753246718749997 0.0957792203125 0.49512987031250005 0.1103896109375 0.5081168828125 0.1363636359375 0.5146103890625 0.152597403125 0.5113636359375 0.16233766249999998 0.49350649375 0.15909090937499998 0.46753246718749997 0.14935065 0.452922078125 0.1363636359375 0.446428571875 0.1103896109375 0.446428571875 0.0892857140625 0.46753246718749997
1 0.1298701296875 0.5892857140625 0.152597403125 0.5892857140625 0.16071428593749998 0.5827922078125 0.16071428593749998 0.5551948046875 0.1477272734375 0.5470779218749999 0.1363636359375 0.5454545453125 0.1233766234375 0.5535714281249999 0.121753246875 0.5811688312500001 0.1298701296875 0.5892857140625
1 0.0730519484375 0.3133116890625 0.0957792203125 0.314935065625 0.10551948124999999 0.30681818125000004 0.10551948124999999 0.27272727343750003 0.097402596875 0.2678571421875 0.07954545468749999 0.266233765625 0.0633116890625 0.27759740312500003 0.0633116890625 0.30032467500000004 0.0730519484375 0.3133116890625
1 0.16071428593749998 0.7905844156249999 0.185064934375 0.7954545453125 0.196428571875 0.7889610390625 0.2012987015625 0.7678571421875 0.19318181875 0.75 0.17207792187499998 0.7483766234375 0.15584415625 0.7548701296875 0.1542207796875 0.7824675328125 0.16071428593749998 0.7905844156249999
1 0.73051948125 0.90584415625 0.7386363640625 0.91883116875 0.7581168828125 0.9155844156249999 0.7581168828125 0.8896103890625 0.7353896109375 0.8896103890625 0.73051948125 0.90584415625
1 0.496753246875 0.146103896875 0.5016233765625 0.16558441562499998 0.5211038968749999 0.16558441562499998 0.5211038968749999 0.141233765625 0.5016233765625 0.1396103890625 0.496753246875 0.146103896875
1 0.48863636406250005 0.215909090625 0.49512987031250005 0.2272727265625 0.5146103890625 0.222402596875 0.509740259375 0.202922078125 0.49188311718750005 0.2045454546875 0.48863636406250005 0.215909090625
1 0.384740259375 0.60551948125 0.3928571421875 0.6136363640625 0.409090909375 0.6136363640625 0.41071428593750003 0.5925324671875 0.3896103890625 0.5892857140625 0.384740259375 0.60551948125
1 0.47727272656249997 0.6363636359375 0.45454545468749996 0.634740259375 0.45616883125 0.6542207796875 0.47564935 0.6542207796875 0.47727272656249997 0.6363636359375
1 0.16071428593749998 0.8538961031250001 0.16558441562499998 0.8490259734375 0.16071428593749998 0.824675325 0.1428571421875 0.8214285718750001 0.1331168828125 0.8262987015625001 0.1298701296875 0.8490259734375 0.1363636359375 0.85551948125 0.16071428593749998 0.8538961031250001
1 0.2272727265625 0.5535714281249999 0.2321428578125 0.5746753250000001 0.253246753125 0.5698051953125 0.2483766234375 0.5470779218749999 0.233766234375 0.5454545453125 0.2272727265625 0.5535714281249999