0 0.0262399078125 0 0.024221453125 0.0121107265625 0.025951557812499998 0.8598615921875 0.0363321796875 0.9083044984375 0.057093424999999996 0.9134948093749999 0.06920415156250001 0.9377162625000001 0.0588235296875 0.944636678125 0.0363321796875 0.944636678125 0.031141868750000003 0.9550173015625001 0.0346020765625 0.9705882359375 0.062283737500000005 0.9826989625 0.9740484421875 0.9757785468750001 1 0.972632903125 1 0 0.0262399078125 0
1 0.41349480937500005 0.9359861593750001 0.420415225 0.942906575 0.43598615937499996 0.9411764703125 0.442906575 0.9290657437500001 0.4394463671875 0.91176470625 0.4152249140625 0.91176470625 0.41349480937500005 0.9359861593750001
1 0.261245675 0.7958477515625 0.26816609062499996 0.8252595156250001 0.2820069203125 0.8581314875 0.307958478125 0.8754325265625 0.3546712796875 0.8771626296875 0.397923875 0.8633217999999999 0.42906574375 0.8373702421875 0.444636678125 0.8062283734375001 0.442906575 0.7474048437499999 0.42733564062499996 0.714532871875 0.397923875 0.6851211078125 0.3546712796875 0.666089965625 0.2958477515625 0.6712802765625 0.2750865046875 0.6955017296875 0.262975778125 0.738754325 0.261245675 0.7958477515625
1 0.2491349484375 0.3287197234375 0.238754325 0.37197231875000003 0.2422145328125 0.42214532812499994 0.261245675 0.45155709374999997 0.28719723125 0.46539792343749997 0.342560553125 0.46539792343749997 0.397923875 0.45155709374999997 0.44636678124999996 0.41176470624999995 0.46366782031250003 0.382352940625 0.46539792343749997 0.3391003453125 0.45847750937500004 0.30968858125 0.442906575 0.2820069203125 0.387543253125 0.238754325 0.3512110734375 0.237024221875 0.3131487890625 0.25259515625 0.26816609062499996 0.2958477515625 0.2491349484375 0.3287197234375
1 0.2939254140625 0 0.28719723125 0.017301037499999998 0.28719723125 0.0519031140625 0.2975778546875 0.0743944640625 0.3287197234375 0.10034602031249999 0.3858131484375 0.0986159171875 0.40830449843750005 0.08650519062499999 0.43079584843749996 0.0605536328125 0.4394463671875 0.0276816609375 0.43771626250000006 0.0017301031250000001 0.4372219484375 0 0.2939254140625 0
1 0.5667325765625 0 0.5622837374999999 0.006920415625 0.5605536328125 0.0605536328125 0.5847750859375 0.08650519062499999 0.6003460203125 0.09342560625 0.652249134375 0.09342560625 0.666089965625 0.08650519062499999 0.6937716265625 0.0519031140625 0.6920973328125 0 0.5667325765625 0
1 0.152249134375 0.28027681718749997 0.1211072671875 0.27854671249999996 0.0968858125 0.3010380625 0.0968858125 0.333910034375 0.1211072671875 0.3581314875 0.152249134375 0.3581314875 0.1695501734375 0.34083045 0.17301038124999998 0.3062283734375 0.152249134375 0.28027681718749997
1 0.7733564015625001 0.5397923875 0.7560553640625 0.586505190625 0.7577854671875001 0.6072664359375 0.7733564015625001 0.6228373703125001 0.86678200625 0.6695501734375 0.9221453281249999 0.6626297578125 0.9671280281250001 0.6176470593750001 0.9809688578125 0.5934256062500001 0.9861591703125001 0.5294117640625 0.9792387546875 0.5 0.961937715625 0.4792387546875 0.9238754328125 0.4602076125 0.8771626296875 0.467128028125 0.8529411765624999 0.4809688578125 0.794117646875 0.5190311421875 0.7733564015625001 0.5397923875
1 0.7249134953125 0.8754325265625 0.6937716265625 0.8719723187499999 0.67301038125 0.8858131484375 0.6712802765625 0.91176470625 0.6851211078125 0.9342560546875 0.7197231828125 0.9359861593750001 0.73010380625 0.9273356406250001 0.7370242218749999 0.8944636671874999 0.7249134953125 0.8754325265625
1 0.652249134375 0.802768165625 0.6695501734375 0.8235294124999999 0.6955017296875 0.8356401390625001 0.7335640140625 0.8356401390625001 0.7508650515624999 0.8287197234375 0.7629757781250001 0.8166089968750001 0.771626296875 0.79238754375 0.771626296875 0.76989619375 0.7577854671875001 0.7404844296875 0.7439446359375 0.7266435984374999 0.716262975 0.714532871875 0.6816609 0.7179930796875 0.66782006875 0.7266435984374999 0.6487889265625 0.761245675 0.652249134375 0.802768165625
1 0.958477509375 0.896193771875 0.9152249140625001 0.8910034609374999 0.9031141874999999 0.8996539796875 0.896193771875 0.9342560546875 0.90657439375 0.9567474046875001 0.942906575 0.961937715625 0.961937715625 0.953287196875 0.9705882359375 0.9238754328125 0.958477509375 0.896193771875
1 0.564013840625 0.8252595156250001 0.532871971875 0.8252595156250001 0.515570934375 0.8460207609375001 0.5173010375 0.8685121109375 0.5294117640625 0.8840830453124999 0.55363321875 0.88927335625 0.572664359375 0.8806228375 0.579584775 0.8460207609375001 0.564013840625 0.8252595156250001
1 0.6159169546875 0.6228373703125001 0.6159169546875 0.5968858125 0.6003460203125 0.5743944640625 0.5692041515625 0.572664359375 0.54844290625 0.5934256062500001 0.54844290625 0.626297578125 0.5674740484374999 0.643598615625 0.5916955015625 0.6453287203125 0.6055363328125 0.6384083046875 0.6159169546875 0.6228373703125001
1 0.9342560546875 0.33217993125 0.9273356406250001 0.3442906578125 0.9307958484375 0.36678200625 0.9636678203125 0.37197231875000003 0.9723183390625 0.3615916953125 0.96885813125 0.33217993125 0.9550173015625001 0.32698961875 0.9342560546875 0.33217993125
1 0.8719723187499999 0.152249134375 0.8650519031250001 0.1712802765625 0.86678200625 0.21107266406249997 0.897923875 0.24740484375 0.9377162625000001 0.2508650515625 0.96885813125 0.237024221875 0.9861591703125001 0.20069204218749997 0.9861591703125001 0.16782006875 0.9775086500000001 0.1453287203125 0.9705882359375 0.1470588234375 0.9705882359375 0.166089965625 0.95155709375 0.1799307953125 0.9152249140625001 0.1764705875 0.9100346015625 0.12802768125 0.8944636671874999 0.1297577859375 0.8719723187499999 0.152249134375
1 0.13321799375 0.1782006921875 0.15916955 0.174740484375 0.1608996546875 0.1487889265625 0.152249134375 0.14186851250000002 0.1366782 0.143598615625 0.12802768125 0.152249134375 0.13321799375 0.1782006921875
1 0.0761245671875 0.0657439453125 0.1072664359375 0.062283737500000005 0.103806228125 0.0294117640625 0.08477508593750001 0.0276816609375 0.072664359375 0.0346020765625 0.07093425625000001 0.0605536328125 0.0761245671875 0.0657439453125
1 0.1937716265625 0.5986159171875001 0.16782006875 0.6003460203125 0.1539792390625 0.6211072671875 0.15916955 0.6453287203125 0.174740484375 0.6557093421875 0.1937716265625 0.6557093421875 0.2093425609375 0.643598615625 0.21107266406249997 0.612456746875 0.1937716265625 0.5986159171875001
1 0.3010380625 0.524221453125 0.28027681718749997 0.524221453125 0.2664359859375 0.5346020765625 0.262975778125 0.5570934249999999 0.27335640156249996 0.572664359375 0.2975778546875 0.5743944640625 0.31141868437500003 0.5657439453124999 0.31141868437500003 0.53114186875 0.3010380625 0.524221453125