0 1 0.0063007234375 0.136792453125 0.0094339625 0.1022012578125 0.029874214062499998 0.09119496875000001 0.050314465625000006 0.08333333281250001 0.0974842765625 0.0849056609375 0.8679245281249999 0.094339621875 0.9119496859374999 0.11320754687500001 0.9166666671874999 0.12421383593749999 0.9386792453125 0.1147798734375 0.9449685531249999 0.094339621875 0.9449685531249999 0.0896226421875 0.9544025156249999 0.0927672953125 0.968553459375 0.11792452812500001 0.9795597484374999 0.94654088125 0.9732704406250001 0.9984276734374999 0.9669811328125 1 0.964884696875 1 0.0063007234375
1 0.43710691874999996 0.93710691875 0.44339622656250005 0.9433962265625 0.45754717031250003 0.9418238999999999 0.463836478125 0.9308176093749999 0.4606918234375 0.9150943390625 0.4386792453125 0.9150943390625 0.43710691874999996 0.93710691875
1 0.29874213906249997 0.809748428125 0.305031446875 0.8364779875 0.3176100625 0.8663522015625 0.34119496875 0.8820754718750001 0.3836477984375 0.8836477984375 0.422955975 0.8710691828125 0.4512578609375 0.8474842765625 0.46540880468749996 0.8191823906250001 0.463836478125 0.7657232703125 0.44968553437500003 0.73584905625 0.422955975 0.709119496875 0.3836477984375 0.6918238999999999 0.3301886796875 0.69654088125 0.3113207546875 0.718553459375 0.30031446562499997 0.7578616359375 0.29874213906249997 0.809748428125
1 0.2877358484375 0.38522012656250004 0.27830188749999996 0.4245283015625 0.281446540625 0.4701257859375 0.29874213906249997 0.4968553453125 0.32232704375 0.5094339625 0.372641509375 0.5094339625 0.422955975 0.4968553453125 0.46698113281250003 0.4606918234375 0.48270440312499996 0.43396226406249994 0.4842767296875 0.39465408750000003 0.477987421875 0.367924528125 0.463836478125 0.3427672953125 0.4135220125 0.30345911875 0.38050314531249996 0.30188679218750003 0.34591194999999997 0.3160377359375 0.305031446875 0.35534591249999997 0.2877358484375 0.38522012656250004
1 0.32232704375 0.1022012578125 0.32232704375 0.13364779843750002 0.33176100625 0.15408805 0.36006289375 0.17767295624999999 0.41194968593750003 0.1761006296875 0.4323899375 0.16509433906249998 0.45283018906250005 0.14150943437500002 0.4606918234375 0.11163522031249999 0.459119496875 0.0880503140625 0.45283018906250005 0.0660377359375 0.435534590625 0.045597484375000004 0.4135220125 0.036163521875 0.386792453125 0.036163521875 0.3569182390625 0.0471698109375 0.3333333328125 0.0738993703125 0.32232704375 0.1022012578125
1 0.40723270468750006 0.08333333281250001 0.41823899375 0.0849056609375 0.41981132031249996 0.0738993703125 0.405660378125 0.07232704375 0.40723270468750006 0.08333333281250001
1 0.6069182390625001 0.1713836484375 0.65408805 0.1713836484375 0.6666666671875 0.16509433906249998 0.6918238999999999 0.13364779843750002 0.690251571875 0.0849056609375 0.6761006296875001 0.064465409375 0.655660378125 0.05345911875 0.6037735843750001 0.058176099999999994 0.5864779875 0.07075471718750001 0.57232704375 0.0927672953125 0.5707547171875 0.14150943437500002 0.5927672953124999 0.16509433906249998 0.6069182390625001 0.1713836484375
1 0.199685534375 0.34119496875 0.1713836484375 0.3396226421875 0.14937106875 0.36006289375 0.14937106875 0.38993710625 0.1713836484375 0.41194968593750003 0.199685534375 0.41194968593750003 0.2154088046875 0.396226415625 0.21855345937499998 0.36477987343749996 0.199685534375 0.34119496875
1 0.76415094375 0.577044025 0.7484276734375 0.6194968546874999 0.75 0.6383647796874999 0.76415094375 0.6525157234375001 0.849056603125 0.694968553125 0.8993710687500001 0.6886792453125 0.940251571875 0.6477987421875 0.9528301890625 0.6257861640625 0.9575471703125 0.5676100625 0.9512578609375 0.540880503125 0.9355345906249999 0.522012578125 0.900943396875 0.50471698125 0.8584905656249999 0.5110062890625 0.8364779875 0.52358490625 0.7830188671875 0.5581761000000001 0.76415094375 0.577044025
1 0.7201257859375 0.8820754718750001 0.6918238999999999 0.8789308171875 0.672955975 0.8915094343750001 0.6713836484375 0.9150943390625 0.6839622640624999 0.9355345906249999 0.7154088046875 0.93710691875 0.7248427671875 0.9292452828125001 0.731132075 0.8993710687500001 0.7201257859375 0.8820754718750001
1 0.65408805 0.8160377359375 0.6698113203125 0.8349056609375 0.6933962265625 0.84591195 0.727987421875 0.84591195 0.7437106921875001 0.8396226421874999 0.75471698125 0.8286163515625 0.7625786156250001 0.8066037734375 0.7625786156250001 0.786163521875 0.75 0.7594339625 0.7374213843749999 0.7468553453125 0.7122641515625 0.73584905625 0.680817609375 0.7389937109375 0.66823899375 0.7468553453125 0.650943396875 0.7783018875 0.65408805 0.8160377359375
1 0.9323899375 0.900943396875 0.8930817609374999 0.896226415625 0.8820754718750001 0.90408805 0.8757861640625 0.9355345906249999 0.8852201265625 0.9559748421875 0.91823899375 0.9606918234374999 0.9355345906249999 0.9528301890625 0.9433962265625 0.9261006296875 0.9323899375 0.900943396875
1 0.5738993703124999 0.8364779875 0.545597484375 0.8364779875 0.5298742140625 0.8553459125 0.531446540625 0.8757861640625 0.5424528296875 0.88993710625 0.564465409375 0.8946540875 0.58176100625 0.8867924531250001 0.5880503140625 0.8553459125 0.5738993703124999 0.8364779875
1 0.6210691828125 0.6525157234375001 0.6210691828125 0.6289308171875 0.6069182390625001 0.608490565625 0.5786163515625 0.6069182390625001 0.559748428125 0.6257861640625 0.559748428125 0.655660378125 0.577044025 0.6713836484375 0.599056603125 0.672955975 0.6116352203125001 0.6666666671875 0.6210691828125 0.6525157234375001
1 0.9103773578125001 0.3883647796875 0.90408805 0.39937106875 0.9072327046875 0.41981132031249996 0.93710691875 0.4245283015625 0.9449685531249999 0.4150943390625 0.9418238999999999 0.3883647796875 0.9292452828125001 0.3836477984375 0.9103773578125001 0.3883647796875
1 0.853773584375 0.22484276718750001 0.8474842765625 0.24213836406250003 0.849056603125 0.27830188749999996 0.877358490625 0.3113207546875 0.9135220125 0.314465409375 0.9418238999999999 0.30188679218750003 0.9575471703125 0.268867925 0.9575471703125 0.2389937109375 0.9496855343749999 0.21855345937499998 0.9433962265625 0.2201257859375 0.9433962265625 0.23742138437500002 0.9261006296875 0.25 0.8930817609374999 0.24685534531250003 0.8883647796874999 0.2028301890625 0.8742138359375 0.204402515625 0.853773584375 0.22484276718750001
1 0.18238993750000002 0.2484276734375 0.2059748421875 0.24528301875 0.20754717031249997 0.22169811250000002 0.199685534375 0.2154088046875 0.185534590625 0.21698113281250003 0.17767295624999999 0.22484276718750001 0.18238993750000002 0.2484276734375
1 0.1305031453125 0.146226415625 0.15880503125 0.1430817609375 0.155660378125 0.11320754687500001 0.1383647796875 0.11163522031249999 0.127358490625 0.11792452812500001 0.1257861640625 0.14150943437500002 0.1305031453125 0.146226415625
1 0.23742138437500002 0.6305031453125001 0.213836478125 0.632075471875 0.20125786093750003 0.650943396875 0.2059748421875 0.672955975 0.2201257859375 0.6823899375 0.23742138437500002 0.6823899375 0.2515723265625 0.6713836484375 0.25314465468749997 0.6430817609374999 0.23742138437500002 0.6305031453125001
1 0.33490566093749996 0.56289308125 0.3160377359375 0.56289308125 0.30345911875 0.57232704375 0.30031446562499997 0.5927672953124999 0.309748428125 0.6069182390625001 0.33176100625 0.608490565625 0.344339621875 0.6006289312499999 0.344339621875 0.569182390625 0.33490566093749996 0.56289308125