0 0.990625 0.9984375 0.9875 0.1375 0.9671875 0.103125 0.946875 0.0921875 0.9 0.084375 0.134375 0.0859375 0.090625 0.0953125 0.0859375 0.1140625 0.0640625 0.125 0.0578125 0.115625 0.0578125 0.0953125 0.0484375 0.090625 0.034375 0.09375 0.0234375 0.11875 0.0296875 0.9421875 0.0359375 0.99375 0.0421875 0.9984375 0.990625 0.9984375
1 0.0875 0.459375 0.0875 0.4375 0.065625 0.4359375 0.059375 0.4421875 0.0609375 0.45625 0.071875 0.4625 0.0875 0.459375
1 0.1828125 0.4640625 0.2359375 0.4625 0.265625 0.4484375 0.2921875 0.421875 0.309375 0.3828125 0.3046875 0.3296875 0.2828125 0.3109375 0.24375 0.3 0.1921875 0.2984375 0.165625 0.3046875 0.1359375 0.3171875 0.1203125 0.340625 0.11875 0.3828125 0.13125 0.421875 0.1546875 0.45 0.1828125 0.4640625
1 0.565625 0.48125 0.6046875 0.4828125 0.63125 0.4765625 0.65625 0.4625 0.6953125 0.4125 0.696875 0.3796875 0.6828125 0.3453125 0.64375 0.3046875 0.6140625 0.2875 0.575 0.278125 0.5296875 0.28125 0.503125 0.2984375 0.490625 0.321875 0.490625 0.371875 0.503125 0.421875 0.5390625 0.465625 0.565625 0.48125
1 0.8859375 0.459375 0.909375 0.4578125 0.93125 0.4515625 0.9515625 0.434375 0.9609375 0.4125 0.9609375 0.3859375 0.95 0.35625 0.9234375 0.3328125 0.8953125 0.321875 0.8640625 0.321875 0.84375 0.33125 0.8203125 0.359375 0.821875 0.4109375 0.8328125 0.43125 0.85625 0.4515625 0.8859375 0.459375
1 0.9140625 0.40625 0.9125 0.4171875 0.9234375 0.41875 0.925 0.4046875 0.9140625 0.40625
1 0.9125 0.6875 0.9328125 0.6734375 0.94375 0.653125 0.9390625 0.6015625 0.9265625 0.584375 0.9046875 0.5703125 0.85625 0.56875 0.8328125 0.590625 0.8265625 0.6046875 0.8265625 0.6515625 0.8328125 0.6640625 0.8640625 0.6890625 0.9125 0.6875
1 0.6578125 0.2 0.659375 0.171875 0.6390625 0.15 0.609375 0.15 0.5875 0.171875 0.5875 0.2 0.603125 0.215625 0.634375 0.21875 0.6578125 0.2
1 0.375 0.9484375 0.4328125 0.953125 0.459375 0.946875 0.478125 0.93125 0.4953125 0.896875 0.4890625 0.8546875 0.4765625 0.8328125 0.4421875 0.7796875 0.4234375 0.7609375 0.38125 0.7453125 0.3625 0.746875 0.3484375 0.7609375 0.30625 0.8453125 0.3125 0.8953125 0.353125 0.9359375 0.375 0.9484375
1 0.1203125 0.7171875 0.1234375 0.6890625 0.1109375 0.6703125 0.0875 0.66875 0.0671875 0.68125 0.065625 0.7125 0.0734375 0.721875 0.103125 0.728125 0.1203125 0.7171875
1 0.1953125 0.759375 0.215625 0.759375 0.2421875 0.746875 0.2546875 0.734375 0.265625 0.709375 0.2625 0.678125 0.2546875 0.665625 0.2234375 0.6484375 0.1859375 0.6515625 0.1671875 0.6671875 0.15625 0.690625 0.15625 0.725 0.1625 0.740625 0.1734375 0.7515625 0.1953125 0.759375
1 0.1015625 0.928125 0.10625 0.8890625 0.0984375 0.878125 0.0671875 0.871875 0.046875 0.88125 0.0421875 0.9140625 0.05 0.93125 0.0765625 0.9390625 0.1015625 0.928125
1 0.165625 0.571875 0.165625 0.54375 0.146875 0.528125 0.1265625 0.5296875 0.1125 0.540625 0.1078125 0.5625 0.115625 0.5796875 0.146875 0.5859375 0.165625 0.571875
1 0.371875 0.61875 0.3921875 0.6046875 0.39375 0.5765625 0.375 0.5578125 0.3453125 0.5578125 0.3296875 0.575 0.328125 0.596875 0.334375 0.609375 0.3484375 0.61875 0.371875 0.61875
1 0.615625 0.925 0.6109375 0.90625 0.6 0.9 0.5796875 0.903125 0.575 0.9328125 0.584375 0.940625 0.6109375 0.9375 0.615625 0.925
1 0.759375 0.953125 0.7796875 0.9453125 0.778125 0.9390625 0.7609375 0.9390625 0.7484375 0.921875 0.7515625 0.8890625 0.7953125 0.884375 0.79375 0.8703125 0.7734375 0.85 0.75625 0.84375 0.7203125 0.8453125 0.6875 0.8734375 0.684375 0.909375 0.696875 0.9375 0.7296875 0.953125 0.759375 0.953125
1 0.78125 0.1859375 0.7734375 0.178125 0.75 0.1828125 0.753125 0.20625 0.7765625 0.2078125 0.7828125 0.2 0.78125 0.1859375
1 0.8796875 0.128125 0.85625 0.1265625 0.8515625 0.13125 0.8546875 0.159375 0.884375 0.15625 0.8859375 0.1390625 0.8796875 0.128125
1 0.3703125 0.2375 0.36875 0.2140625 0.35 0.2015625 0.328125 0.20625 0.31875 0.2203125 0.31875 0.2375 0.3296875 0.2515625 0.3578125 0.253125 0.3703125 0.2375
1 0.4375 0.334375 0.4375 0.315625 0.428125 0.303125 0.4078125 0.3 0.39375 0.309375 0.3921875 0.33125 0.4 0.34375 0.43125 0.34375 0.4375 0.334375