1 0.8550000000000001 1 0.8583333328125 0.9966666671875 0.8966666671875 0.2166666671875 0.8916666671875 0.13999999999999999 0.9033333328125 0.13 0.905 0.11333333281249999 0.8983333328124999 0.1 0.9 0.04 0.9283333328125 0.025 0.9116666671875 0.0083333328125 0.8433333328125 0.0083333328125 0.8300000000000001 0.0233333328125 0.8083333328125001 0.031666667187500004 0.8083333328125001 0.06 0.8 0.0633333328125 0.5266666671875 0.0566666671875 0.0716666671875 0.0333333328125 0.0216666671875 0.034999999999999996 0.0016666671875 0.048333332812500004 0 0.0513888890625 0 0.9924637687500001 0.0033333328125 0.9933333328125 0.2216666671875 0.9933333328125 0.359 1 0.8550000000000001 1
0 0.8089583328125001 0 0.7849999999999999 0.0083333328125 0.7866666671875 0.04 0.76214285625 0.0633333328125 0.0616666671875 0.031666667187500004 0.0166666671875 0.034999999999999996 0 0.048333332812500004 0 0.996825396875 0.0216666671875 0.9916666671875 0.13333333281249998 0.9916666671875 0.325490196875 1 0.8584615390625 1 0.8616666671875001 0.9916666671875 0.8699999999999999 0.8666666671875 0.8983333328124999 0.1783333328125 0.93 0.16833333281250001 0.9400000000000001 0.1566666671875 0.9233333328125 0.1516666671875 0.925 0.1433333328125 0.9133333328125 0.1416666671875 0.9099999999999999 0.10500000000000001 0.9133333328125 0.0416666671875 0.9416666671874999 0.03 0.95 0.015 0.9395 0 0.8089583328125001 0
1 0.8562254906250001 1 0.8633333328124999 0.9516666671875 0.8766666671875001 0.7 0.8949999999999999 0.19 0.9083333328125001 0.16999999999999998 0.8966666671875 0.1383333328125 0.905 0.11499999999999999 0.8983333328124999 0.038333332812499996 0.9016666671875001 0.0283333328125 0.93 0.025 0.925 0.0216666671875 0.9283333328125 0.0083333328125 0.8416666671874999 0.0083333328125 0.8333333328125001 0.0216666671875 0.8083333328125001 0.031666667187500004 0.8 0.0633333328125 0.4883333328125 0.05500000000000001 0.0866666671875 0.0333333328125 0.0283333328125 0.0333333328125 0.0016666671875 0.0466666671875 0 0.05 0 0.9923333328125 0.0066666671875 0.9949999999999999 0.02 0.99 0.21833333281249998 0.9933333328125 0.3604166671875 1 0.8562254906250001 1
1 0.6 0.065 0.575 0.0666666671875 0.5716666671875 0.08333333281250001 0.5783333328125 0.0983333328125 0.605 0.0966666671875 0.6083333328125 0.0783333328125 0.6 0.065
1 0.65 0.175 0.675 0.1766666671875 0.6900000000000001 0.1616666671875 0.6883333328125001 0.13 0.6766666671875 0.12 0.6566666671875 0.1183333328125 0.64 0.12833333281249998 0.6366666671875 0.16 0.65 0.175
1 0.7366666671875 0.2833333328125 0.7583333328124999 0.28500000000000003 0.77 0.2766666671875 0.7733333328125 0.2533333328125 0.7666666671875 0.2416666671875 0.7583333328124999 0.2366666671875 0.7316666671875 0.2416666671875 0.7283333328125 0.27 0.7366666671875 0.2833333328125
1 0.77 0.32 0.7366666671875 0.3533333328125 0.7316666671875 0.37666666718749997 0.735 0.4066666671875 0.7633333328125 0.43499999999999994 0.8083333328125001 0.43499999999999994 0.8316666671874999 0.41 0.8400000000000001 0.38 0.8383333328125 0.34500000000000003 0.8216666671875 0.3233333328125 0.8099999999999999 0.3183333328125 0.77 0.32
1 0.7466666671875 0.7016666671875 0.7216666671875 0.6683333328125001 0.7066666671874999 0.6616666671875 0.655 0.6616666671875 0.6183333328125 0.6849999999999999 0.6066666671875 0.705 0.6066666671875 0.745 0.6366666671875 0.7833333328125 0.67 0.7933333328125001 0.6966666671875 0.7916666671875 0.7233333328125 0.7833333328125 0.74 0.7633333328125 0.7466666671875 0.7483333328125 0.7466666671875 0.7016666671875
1 0.7716666671875 0.205 0.78 0.2216666671875 0.8083333328125001 0.225 0.8233333328124999 0.21833333281249998 0.8300000000000001 0.185 0.8216666671875 0.1716666671875 0.8116666671875 0.16833333281250001 0.79 0.1666666671875 0.7766666671875 0.175 0.7716666671875 0.205
1 0.6583333328125 0.3783333328125 0.6883333328125001 0.38166666718750003 0.7033333328125 0.36666666718749996 0.705 0.3383333328125 0.6933333328125 0.32166666718750003 0.665 0.32 0.6516666671875 0.3333333328125 0.6466666671875 0.3583333328125 0.6583333328125 0.3783333328125
1 0.5349999999999999 0.5383333328125001 0.5549999999999999 0.5616666671874999 0.5933333328125 0.5666666671875 0.6166666671875001 0.5516666671875 0.6233333328125 0.5366666671875 0.6233333328125 0.505 0.6 0.48166666718749995 0.5683333328125 0.4783333328125 0.5366666671875 0.49833333281250003 0.5349999999999999 0.5383333328125001
1 0.51 0.3066666671875 0.4933333328125 0.3083333328125 0.4966666671875 0.32999999999999996 0.51 0.3283333328125 0.51 0.3066666671875
1 0.5116666671875 0.44166666718750003 0.5383333328125001 0.44000000000000006 0.5583333328125 0.41166666718749995 0.5566666671875 0.3883333328125 0.5383333328125001 0.37 0.5116666671875 0.36833333281249997 0.49000000000000005 0.385 0.49000000000000005 0.425 0.5116666671875 0.44166666718750003
1 0.41500000000000004 0.4183333328125 0.37 0.4183333328125 0.3533333328125 0.43166666718749996 0.34500000000000003 0.45499999999999996 0.3466666671875 0.48166666718749995 0.365 0.5083333328124999 0.4 0.5166666671875 0.4266666671875 0.5066666671875 0.43499999999999994 0.495 0.44333333281250004 0.46666666718750005 0.44166666718750003 0.44333333281250004 0.4266666671875 0.4233333328125 0.41500000000000004 0.4183333328125
1 0.13333333281249998 0.205 0.0966666671875 0.2 0.06999999999999999 0.2066666671875 0.0516666671875 0.22833333281249998 0.045 0.2683333328125 0.0566666671875 0.2983333328125 0.06999999999999999 0.31 0.1116666671875 0.3133333328125 0.1383333328125 0.29500000000000004 0.15 0.2633333328125 0.1516666671875 0.23333333281250002 0.145 0.215 0.13333333281249998 0.205
1 0.2383333328125 0.8766666671875001 0.25666666718750003 0.8433333328125 0.265 0.8083333328125001 0.2616666671875 0.735 0.2383333328125 0.6983333328125 0.20166666718749998 0.675 0.185 0.6716666671875 0.1116666671875 0.675 0.06999999999999999 0.6916666671875 0.038333332812499996 0.7166666671875 0.0183333328125 0.7466666671875 0.01 0.7833333328125 0.0116666671875 0.835 0.0466666671875 0.8983333328124999 0.0666666671875 0.9166666671874999 0.095 0.93 0.1566666671875 0.9333333328125001 0.1966666671875 0.9166666671874999 0.2383333328125 0.8766666671875001
1 0.5016666671875 0.9466666671875 0.48 0.9466666671875 0.4766666671875 0.97 0.5016666671875 0.9716666671875 0.5016666671875 0.9466666671875
1 0.5616666671874999 0.9349999999999999 0.5383333328125001 0.9366666671875 0.5366666671875 0.96 0.5416666671875 0.9650000000000001 0.5650000000000001 0.9583333328125001 0.5683333328125 0.9483333328124999 0.5616666671874999 0.9349999999999999
1 0.3783333328125 0.0866666671875 0.3966666671875 0.0983333328125 0.40499999999999997 0.0916666671875 0.40499999999999997 0.07666666718750001 0.3866666671875 0.06999999999999999 0.3783333328125 0.0866666671875
1 0.44166666718750003 0.095 0.465 0.095 0.47000000000000003 0.0883333328125 0.46666666718750005 0.0716666671875 0.44333333281250004 0.06999999999999999 0.44166666718750003 0.095
1 0.0283333328125 0.45 0.05500000000000001 0.4533333328125 0.0616666671875 0.44666666718750003 0.0633333328125 0.42000000000000004 0.058333332812500006 0.41333333281250006 0.031666667187500004 0.41166666718749995 0.0233333328125 0.42000000000000004 0.0216666671875 0.44166666718750003 0.0283333328125 0.45
1 0.29 0.5 0.31 0.4966666671875 0.3116666671875 0.48333333281249996 0.305 0.4766666671875 0.2866666671875 0.48 0.29 0.5
1 0.825 0.9116666671875 0.8066666671875 0.9133333328125 0.8083333328125001 0.9349999999999999 0.8283333328125 0.9316666671875 0.825 0.9116666671875
1 0.8300000000000001 0.7166666671875 0.8116666671875 0.7166666671875 0.8116666671875 0.735 0.8300000000000001 0.735 0.8300000000000001 0.7166666671875
1 0.36 0.9383333328125 0.33999999999999997 0.9416666671874999 0.33999999999999997 0.9650000000000001 0.3633333328125 0.9633333328125 0.36 0.9383333328125
1 0.265 0.5966666671875 0.25166666718749997 0.6 0.255 0.62 0.2716666671875 0.615 0.265 0.5966666671875