1 1 0.06218434375 0.9895833328125001 0.0607638890625 0.875 0.053819443749999994 0.18923611093749998 0.0260416671875 0.1822916671875 0.0329861109375 0.1822916671875 0.07291666718749999 0.171875 0.081597221875 0.14930555625 0.07118055625 0.14409722187500001 0.0486111109375 0.14756944375 0.02430555625 0.125 0.02430555625 0.1232638890625 0.03819444375 0.109375 0.05729166718749999 0.07118055625 0.059027778125 0.065972221875 0.065972221875 0.074652778125 0.08680555625 0.0607638890625 0.10243055625 0.065972221875 0.1145833328125 0.0625 0.24131944375 0.03819444375 0.659722221875 0.03125 0.878472221875 0.0364583328125 0.953125 0.06423611093750001 0.972222221875 0.09375 0.9756944437499999 0.4392361109375 0.9913194437499999 0.558449075 1 1 1 1 0.9958129078125 0.9826388890625 0.9947916671874999 0.9796006937499999 0.9427083328125001 1 0.941725234375 1 0.06218434375
1 1 0.0623490328125 0.987847221875 0.0607638890625 0.1458333328125 0.02256944375 0.1232638890625 0.02430555625 0.1197916671875 0.05729166718749999 0.07118055625 0.059027778125 0.065972221875 0.065972221875 0.074652778125 0.08506944375 0.0625 0.10243055625 0.0329861109375 0.7986111109375 0.03125 0.9166666671874999 0.03819444375 0.9548611109375 0.05729166718749999 0.96875 0.08333333281250001 0.9739583328125001 0.5260416671875 0.9947916671874999 0.5885416671875 1 1 1 1 0.9963570125000001 0.9045138890625 0.9947916671874999 0.902777778125 0.9427083328125001 1 0.9427083328125001 1 0.0623490328125
1 0.14366319375 0 0.14756944375 0.015625 0.1232638890625 0.027777778125000003 0.125 0.0364583328125 0.109375 0.059027778125 0.059027778125 0.0607638890625 0.055555556250000006 0.07638888906249999 0.0451388890625 0.07638888906249999 0.0451388890625 0.08506944375 0.0625 0.08854166718749999 0.059027778125 0.10243055625 0.06423611093750001 0.109375 0.03125 0.8350694437499999 0.03125 0.934027778125 0.03819444375 0.953125 0.05208333281250001 0.9670138890625 0.08506944375 0.9739583328125001 0.5486111109375 1 1 1 1 0.996527778125 0.903125 0.996527778125 0.90625 0.9427083328125001 1 0.9399098265625 1 0.063078703125 0.987847221875 0.0607638890625 0.4322916671875 0.034722221875 0.21354166718749998 0.03125 0.171875 0.012152778125 0.16720085468749998 0 0.14366319375 0
0 0 0 0 0.0974151234375 0.0017361109374999999 0.10069444375 0.0017361109374999999 0.1232638890625 0.02430555625 0.125 0.02430555625 0.1145833328125 0.0625 0.1189236109375 0.0329861109375 0.7881944437499999 0.03125 0.9322916671874999 0.0364583328125 0.9513888890625 0.055555556250000006 0.96875 0.08506944375 0.9739583328125001 0.35069444375000003 0.9861111109375 0.5412808640625 1 1 1 1 0.0623490328125 0.987847221875 0.0607638890625 0.22743055625 0.0295138890625 0.15451388906250002 0.019097221875 0.15451388906250002 0.013888889062500001 0.112847221875 0.0208333328125 0.1041666671875 0.00868055625 0.07291666718749999 0.0052083328125 0.0451388890625 0.013888889062500001 0.034722221875 0.006944443749999999 0.032793209375 0 0 0
1 0.24479166718749998 0.9131944437499999 0.2864583328125 0.9114583328125001 0.3107638890625 0.8993055562500001 0.31944444375000003 0.8819444437499999 0.3229166671875 0.8541666671874999 0.3125 0.824652778125 0.27430555624999997 0.8020833328125001 0.23263888906250002 0.8020833328125001 0.21875 0.8072916671874999 0.20833333281250002 0.8211805562500001 0.203125 0.8420138890625 0.20833333281250002 0.8819444437499999 0.24479166718749998 0.9131944437499999
1 0.7170138890625 0.7204861109375 0.6944444437499999 0.7708333328125 0.6944444437499999 0.815972221875 0.71875 0.890625 0.7673611109375 0.9392361109375 0.793402778125 0.9461805562500001 0.8454861109375 0.9479166671874999 0.918402778125 0.9236111109375 0.9375 0.9079861109375 0.9618055562500001 0.8663194437499999 0.9670138890625 0.796875 0.949652778125 0.7552083328125 0.921875 0.7204861109375 0.894097221875 0.699652778125 0.859375 0.6857638890625 0.796875 0.6805555562500001 0.7447916671875 0.6927083328125 0.7170138890625 0.7204861109375
1 0.5052083328125 0.699652778125 0.49131944375 0.6979166671875 0.484375 0.7048611109375 0.49131944375 0.7204861109375 0.5069444437499999 0.7170138890625 0.5052083328125 0.699652778125
1 0.4947916671875 0.6614583328125 0.515625 0.659722221875 0.512152778125 0.637152778125 0.49131944375 0.640625 0.4947916671875 0.6614583328125
1 0.46006944375 0.5989583328125 0.5 0.5989583328125 0.5138888890625 0.5920138890625 0.5329861109375 0.565972221875 0.5329861109375 0.5364583328125 0.5243055562500001 0.519097221875 0.49131944375 0.49652777812500004 0.4670138890625 0.4947916671875 0.44618055625 0.503472221875 0.43055555625 0.53125 0.43055555625 0.5711805562500001 0.44618055625 0.5920138890625 0.46006944375 0.5989583328125
1 0.453125 0.8923611109375 0.4270833328125 0.8958333328125001 0.4236111109375 0.9270833328125001 0.4322916671875 0.9357638890625 0.46006944375 0.934027778125 0.46875 0.9201388890625 0.4670138890625 0.8993055562500001 0.453125 0.8923611109375
1 0.36284722187499996 0.8697916671874999 0.359375 0.8854166671874999 0.3645833328125 0.8923611109375 0.38368055624999997 0.894097221875 0.390625 0.8854166671874999 0.3888888890625 0.8732638890625 0.38368055624999997 0.8680555562500001 0.36284722187499996 0.8697916671874999
1 0.5607638890625 0.3107638890625 0.519097221875 0.3107638890625 0.49652777812500004 0.33680555624999997 0.49652777812500004 0.375 0.519097221875 0.4010416671875 0.5607638890625 0.4010416671875 0.5833333328125 0.3767361109375 0.5850694437499999 0.33680555624999997 0.5607638890625 0.3107638890625
1 0.703125 0.3125 0.7256944437499999 0.328125 0.7743055562500001 0.328125 0.7951388890625 0.31597222187499996 0.8142361109375 0.29340277812500004 0.8211805562500001 0.2673611109375 0.8194444437499999 0.22569444375 0.8107638890625 0.20486111093749998 0.784722221875 0.18402777812499999 0.7291666671875 0.1822916671875 0.6927083328125 0.206597221875 0.684027778125 0.23611111093749998 0.6857638890625 0.27777777812500004 0.703125 0.3125
1 0.36284722187499996 0.1927083328125 0.38368055624999997 0.1979166671875 0.4201388890625 0.19444444375 0.4479166671875 0.1666666671875 0.453125 0.14756944375 0.44965277812500004 0.1197916671875 0.42881944375 0.09548611093750001 0.4010416671875 0.08506944375 0.359375 0.08506944375 0.33159722187499996 0.105902778125 0.32465277812500004 0.1232638890625 0.328125 0.15625 0.36284722187499996 0.1927083328125
1 0.43402777812500004 0.3802083328125 0.39409722187499996 0.3802083328125 0.38194444375000003 0.3958333328125 0.3802083328125 0.43402777812500004 0.39756944375000003 0.4513888890625 0.4357638890625 0.4513888890625 0.44965277812500004 0.4427083328125 0.4548611109375 0.4010416671875 0.43402777812500004 0.3802083328125
1 0.37152777812500004 0.22569444375 0.34375 0.22743055625 0.328125 0.246527778125 0.328125 0.265625 0.3385416671875 0.2795138890625 0.37847222187499996 0.28472222187499996 0.3923611109375 0.26909722187499996 0.3923611109375 0.23958333281250002 0.37152777812500004 0.22569444375
1 0.25347222187499996 0.1979166671875 0.27430555624999997 0.20138888906250002 0.28993055624999997 0.1927083328125 0.2864583328125 0.15798611093749998 0.24826388906250002 0.15798611093749998 0.24131944375 0.18055555625 0.25347222187499996 0.1979166671875
1 0.22048611093749998 0.10069444375 0.1822916671875 0.097222221875 0.17534722187500001 0.10243055625 0.16493055625 0.13368055625 0.18576388906250002 0.15277777812499999 0.206597221875 0.15451388906250002 0.22916666718749998 0.14236111093749998 0.230902778125 0.1145833328125 0.22048611093749998 0.10069444375
1 0.16319444375 0.24305555625 0.13194444375 0.24305555625 0.1197916671875 0.2517361109375 0.1197916671875 0.28125 0.14236111093749998 0.2951388890625 0.1614583328125 0.296875 0.17361111093749998 0.28819444375000003 0.1770833328125 0.25694444375000003 0.16319444375 0.24305555625
1 0.08506944375 0.5885416671875 0.0625 0.5989583328125 0.0607638890625 0.6145833328125 0.06770833281250001 0.628472221875 0.08506944375 0.6267361109375 0.08506944375 0.5885416671875
1 0.07118055625 0.5642361109375 0.090277778125 0.5642361109375 0.097222221875 0.5451388890625 0.090277778125 0.5381944437499999 0.074652778125 0.5381944437499999 0.06770833281250001 0.5451388890625 0.07118055625 0.5642361109375
1 0.09895833281250001 0.49305555625 0.09548611093750001 0.47569444375 0.07118055625 0.4704861109375 0.06944444375 0.5 0.09375 0.5 0.09895833281250001 0.49305555625
1 0.06423611093750001 0.3611111109375 0.08854166718749999 0.3645833328125 0.097222221875 0.359375 0.097222221875 0.33159722187499996 0.08506944375 0.32465277812500004 0.065972221875 0.3298611109375 0.06423611093750001 0.3611111109375
1 1 0.5827546296875 0.987847221875 0.574652778125 0.9791666671874999 0.5763888890625 0.96875 0.5885416671875 0.9739583328125001 0.605902778125 0.984375 0.6111111109375 1 0.6068497484375001 1 0.5827546296875
1 1 0.43700396875 0.9826388890625 0.4357638890625 0.984375 0.46527777812500004 1 0.46319444374999996 1 0.43700396875
1 1 0.38368055624999997 0.9982638890625 0.375 0.987847221875 0.36805555624999997 0.9704861109375 0.3697916671875 0.9704861109375 0.39930555624999997 0.996527778125 0.39930555624999997 1 0.394675925 1 0.38368055624999997
1 0.9461805562500001 0.1197916671875 0.965277778125 0.1197916671875 0.96875 0.10243055625 0.9479166671874999 0.09895833281250001 0.9461805562500001 0.1197916671875
1 0.3125 0.44444444375 0.33159722187499996 0.4479166671875 0.34027777812500004 0.4322916671875 0.31597222187499996 0.4270833328125 0.3125 0.44444444375
1 0.6163194437499999 0.6944444437499999 0.6354166671875 0.699652778125 0.644097221875 0.684027778125 0.637152778125 0.675347221875 0.6232638890625 0.6736111109375 0.6145833328125 0.6857638890625 0.6163194437499999 0.6944444437499999
1 0.7430555562500001 0.11631944375 0.7586805562500001 0.11805555625 0.7638888890625 0.097222221875 0.7413194437499999 0.09548611093750001 0.7430555562500001 0.11631944375
1 0.4635416671875 0.265625 0.47569444375 0.2638888890625 0.47569444375 0.25 0.46180555625 0.25 0.4635416671875 0.265625